Database: clickhouse
Query: clickhousectl local client --time --query "SELECT PULocationID, tpep_pickup_datetime, fare_amount, SUM(fare_amount) OVER (PARTITION BY PULocationID ORDER BY tpep_pickup_datetime) AS running_location_revenue FROM taxis ORDER BY PULocationID, tpep_pickup_datetime LIMIT 10000;"
Execution Times: 11.237, 8.955, 10.837, 8.760, 8.043, 7.713, 10.425, 9.233, 9.562, 8.620, 9.281, 7.875, 7.053, 8.424, 9.618, 7.091, 8.007, 9.411, 8.154, 13.889, 8.072, 8.391, 10.410, 8.412, 7.077, 9.168, 9.104, 8.006, 8.312, 8.876, 8.650, 11.449, 10.156, 8.571, 8.562, 8.814, 8.435, 7.772, 9.667, 6.766, 8.373, 7.200, 9.228, 8.128, 9.150, 9.323, 7.672, 7.608, 8.727, 10.341
RAM Usage: 3022.36, 2982.04, 2998.54, 3000.14, 3021.63, 2974.77, 3013.85, 3029.50, 2999.05, 3019.24, 3012.02, 3028.72, 3066.80, 3022.35, 3044.86, 2977.76, 2995.24, 2992.30, 3043.66, 3019.19, 2999.94, 2981.35, 3003.08, 2956.15, 3025.40, 2972.80, 2956.99, 2982.18, 2987.12, 3029.06, 2992.60, 3018.98, 2940.98, 3011.75, 3046.09, 3023.17, 3015.40, 2982.41, 3023.24, 3031.42, 3033.22, 3076.40, 3001.67, 3032.27, 3032.49, 3018.15, 2955.28, 2989.50, 3023.49, 2992.99
Disk Operations: 15576, 13574, 14350, 13584, 13538, 14066, 14414, 13676, 14216, 13684, 13990, 14064, 13640, 14150, 14386, 13974, 14430, 14086, 14382, 14642, 13550, 14314, 14870, 13656, 14194, 13152, 14464, 14688, 13312, 13564, 14686, 13754, 13610, 14178, 14028, 13502, 13862, 12796, 14236, 13994, 13676, 13732, 14384, 13710, 13964, 14208, 13968, 14046, 13448, 14124
Disk Volume: 1516.71, 1477.48, 1486.21, 1481.12, 1481.01, 1483.13, 1484.65, 1481.50, 1483.55, 1480.35, 1482.75, 1483.29, 1483.23, 1479.83, 1484.35, 1482.89, 1487.11, 1481.61, 1484.47, 1507.75, 1478.15, 1483.92, 1486.40, 1484.03, 1487.47, 1481.10, 1484.90, 1485.28, 1480.57, 1480.82, 1488.23, 1477.86, 1481.78, 1480.50, 1485.31, 1482.89, 1482.36, 1478.01, 1479.84, 1484.43, 1480.92, 1479.05, 1510.50, 1481.50, 1479.33, 1483.27, 1480.03, 1482.17, 1480.33, 1485.97
Averages: Execution Time: 8.852s, RAM: 3007.99MB, Disk Ops: 14002, Disk Vol: 1484.20MB
--------------------------------------------------------------------------------
Database: duckdb
Query: duckdb thesis.duckdb -c '.timer on' -c "SELECT PULocationID, tpep_pickup_datetime, fare_amount, SUM(fare_amount) OVER (PARTITION BY PULocationID ORDER BY tpep_pickup_datetime) AS running_location_revenue FROM taxis ORDER BY PULocationID, tpep_pickup_datetime LIMIT 10000;"
Execution Times: 47.966, 46.849, 45.668, 47.877, 49.858, 50.234, 46.361, 42.799, 43.227, 42.440, 42.644, 43.361, 44.224, 46.730, 46.283, 42.975, 45.588, 43.145, 42.672, 43.782, 44.136, 43.339, 43.495, 43.250, 43.190, 42.985, 43.687, 42.808, 45.168, 43.205, 43.680, 43.950, 44.499, 43.439, 43.363, 43.114, 42.847, 42.492, 43.537, 43.088, 43.519, 42.989, 42.947, 43.450, 43.069, 43.217, 43.323, 43.053, 43.494, 43.191
RAM Usage: 5053.68, 4934.74, 4949.61, 5126.64, 5089.39, 4948.20, 4952.87, 5011.08, 4957.63, 4915.03, 4842.50, 5064.58, 4921.35, 4862.73, 4964.96, 4829.09, 4893.19, 4844.94, 4757.41, 5254.02, 5203.40, 4890.30, 4877.01, 5143.84, 5017.93, 4872.86, 4975.21, 4910.08, 4879.00, 4930.35, 4931.19, 5069.66, 4852.04, 4880.02, 5066.03, 5016.30, 4842.75, 5071.25, 4749.08, 4998.25, 4916.79, 4784.71, 5017.18, 4713.47, 4865.34, 4943.93, 4916.60, 4846.39, 4902.12, 4850.50
Disk Operations: 11572, 10406, 10562, 11154, 11452, 10474, 12114, 11418, 12118, 10106, 10674, 11648, 11618, 10186, 10068, 9506, 10086, 11496, 10550, 11226, 10904, 11348, 10150, 11138, 10192, 9530, 11056, 9590, 8916, 9858, 9890, 11512, 9864, 10474, 10436, 10000, 11220, 9582, 10474, 9288, 9760, 10638, 10022, 10312, 9534, 9482, 11080, 10412, 11976, 10092
Disk Volume: 1895.64, 1891.35, 1890.84, 1893.10, 1891.30, 1888.98, 1896.39, 1892.64, 1895.61, 1888.27, 1889.26, 1893.34, 1894.92, 1888.35, 1888.87, 1887.20, 1886.94, 1893.95, 1890.01, 1894.87, 1891.65, 1892.39, 1888.92, 1891.58, 1888.10, 1883.78, 1892.49, 1884.53, 1885.35, 1887.10, 1885.71, 1893.53, 1887.56, 1890.46, 1887.11, 1889.08, 1891.82, 1885.49, 1890.22, 1886.07, 1887.18, 1889.13, 1891.44, 1891.82, 1885.32, 1885.95, 1891.09, 1889.47, 1893.87, 1886.52
Averages: Execution Time: 44.124s, RAM: 4942.14MB, Disk Ops: 10543, Disk Vol: 1889.93MB
--------------------------------------------------------------------------------
Database: mariadb
Query: mariadb -u root --password=qwerty -vvv -D thesis -e "SELECT PULocationID, tpep_pickup_datetime, fare_amount, SUM(fare_amount) OVER (PARTITION BY PULocationID ORDER BY tpep_pickup_datetime) AS running_location_revenue FROM taxis ORDER BY PULocationID, tpep_pickup_datetime LIMIT 10000;"
Execution Times: 575.206, 490.123, 551.512, 535.341, 559.763, 551.399, 541.369, 552.849, 548.980, 541.758, 541.305, 541.993, 546.159, 499.353, 558.004, 542.780, 548.070, 515.019, 533.881, 539.284, 539.736, 538.355, 539.160, 540.386, 493.083, 501.405, 530.202, 555.566, 552.878, 550.329, 538.012, 542.720, 548.234, 534.519, 551.762, 546.772, 551.467, 539.167, 490.133, 517.503, 496.100, 559.014, 629.411, 554.568, 575.799, 594.985, 585.357, 580.125, 556.752, 542.091
RAM Usage: 14127.19, 14111.53, 14147.59, 14070.97, 14085.37, 14088.10, 14128.87, 14116.95, 14117.16, 14091.93, 14117.85, 14135.45, 14121.20, 14105.36, 14121.29, 14111.97, 14099.28, 14102.71, 14137.52, 14120.65, 14140.12, 14143.39, 14129.62, 14069.23, 14095.25, 14064.30, 14128.89, 14090.88, 14071.74, 14075.54, 14112.98, 14174.82, 14161.14, 14086.41, 14145.78, 14135.36, 14080.87, 14104.74, 14075.55, 14078.03, 14138.52, 14106.73, 14103.02, 14090.77, 14057.98, 14134.96, 14101.21, 14142.00, 14074.94, 14114.70
Disk Operations: 27188, 6864, 31736, 18530, 26578, 23400, 20820, 21282, 26950, 24490, 20788, 21908, 20456, 7372, 28442, 28684, 26098, 12668, 26684, 20016, 27274, 21188, 27124, 21534, 8474, 9180, 33078, 21604, 20266, 23146, 25810, 22534, 19606, 24702, 22024, 22990, 24816, 27854, 5934, 13806, 9778, 23296, 50364, 9060, 9568, 29626, 23946, 21540, 20694, 28254
Disk Volume: 2333.19, 2208.21, 2349.34, 2312.47, 2337.25, 2395.78, 2324.85, 2331.15, 2347.89, 2328.69, 2337.86, 2332.39, 2352.62, 2250.04, 2346.83, 2374.53, 2351.01, 2296.17, 2350.49, 2329.14, 2370.05, 2369.87, 2375.14, 2338.37, 2204.83, 2241.97, 2350.84, 2354.62, 2330.76, 2372.00, 2337.41, 2367.15, 2311.49, 2315.21, 2343.21, 2462.23, 2339.64, 2381.50, 2217.34, 2234.22, 2264.39, 2381.94, 2411.15, 2256.07, 2232.21, 2371.35, 2392.96, 2346.78, 2350.32, 2337.58
Averages: Execution Time: 543.795s, RAM: 14109.80MB, Disk Ops: 21800, Disk Vol: 2331.05MB
--------------------------------------------------------------------------------
Database: monetdb
Query: sudo mclient -d thesis -t performance -s "SELECT PULocationID, tpep_pickup_datetime, fare_amount, SUM(fare_amount) OVER (PARTITION BY PULocationID ORDER BY tpep_pickup_datetime) AS running_location_revenue FROM taxis ORDER BY PULocationID, tpep_pickup_datetime LIMIT 10000;"
Execution Times: 64.736, 60.637, 59.690, 57.660, 58.039, 70.061, 61.149, 62.846, 65.244, 58.359, 61.747, 62.749, 60.781, 59.169, 61.818, 70.163, 69.768, 62.267, 70.726, 78.754, 61.941, 70.900, 71.304, 64.499, 59.382, 59.091, 61.116, 73.147, 61.390, 61.257, 60.591, 61.598, 63.098, 62.143, 70.200, 63.456, 69.132, 60.965, 69.448, 56.081, 69.956, 56.595, 55.426, 62.773, 62.264, 61.183, 64.139, 68.283, 62.548, 73.329
RAM Usage: 5802.32, 5802.28, 5802.09, 5802.33, 5802.34, 5801.96, 5802.24, 5802.19, 5802.14, 5802.17, 5802.19, 5802.73, 5802.16, 5792.66, 5802.03, 5802.11, 5802.25, 5802.10, 5802.65, 5801.94, 5801.94, 5802.58, 5802.21, 5802.15, 5802.19, 5801.98, 5802.08, 5802.16, 5802.04, 5802.21, 5802.08, 5802.38, 5802.17, 5802.22, 5802.16, 5802.12, 5802.76, 5802.10, 5802.17, 5802.23, 5802.16, 5802.26, 5802.01, 5801.98, 5802.42, 5802.08, 5802.08, 5802.11, 5802.65, 5802.09
Disk Operations: 70178, 71490, 71262, 71588, 71308, 72034, 71486, 71620, 72020, 70830, 71476, 71978, 71236, 71666, 71140, 71696, 71836, 71470, 71866, 71680, 71898, 71570, 71118, 71308, 71918, 71422, 71760, 71416, 71524, 71252, 71334, 71160, 71394, 71932, 71028, 71936, 71014, 71174, 71358, 70968, 71518, 70988, 71128, 71460, 71786, 71112, 71316, 71562, 71318, 71708
Disk Volume: 7223.96, 7226.64, 7212.61, 7222.92, 7222.25, 7240.82, 7233.62, 7240.03, 7247.64, 7206.03, 7241.28, 7239.45, 7216.67, 7230.76, 7222.91, 7235.40, 7243.46, 7239.01, 7244.52, 7233.50, 7250.03, 7246.15, 7235.64, 7235.21, 7246.67, 7213.80, 7235.58, 7236.35, 7241.53, 7223.21, 7223.18, 7207.39, 7228.72, 7239.01, 7231.66, 7241.50, 7250.06, 7224.32, 7235.61, 7221.37, 7240.89, 7220.76, 7221.39, 7243.33, 7249.08, 7230.35, 7233.76, 7234.57, 7212.63, 7245.10
Averages: Execution Time: 63.872s, RAM: 5802.01MB, Disk Ops: 71445, Disk Vol: 7232.45MB
--------------------------------------------------------------------------------
Database: timescaledb
Query: psql -d thesis -c '\timing' -c "SELECT PULocationID, tpep_pickup_datetime, fare_amount, SUM(fare_amount) OVER (PARTITION BY PULocationID ORDER BY tpep_pickup_datetime) AS running_location_revenue FROM taxis ORDER BY PULocationID, tpep_pickup_datetime LIMIT 10000;"
Execution Times: 34.688, 39.481, 43.924, 36.072, 61.260, 36.516, 32.080, 34.705, 36.820, 31.121, 27.282, 40.386, 35.815, 44.999, 44.734, 28.952, 31.309, 35.523, 35.320, 45.489, 36.972, 36.261, 38.290, 32.389, 45.429, 33.220, 40.444, 36.458, 35.631, 34.483, 30.889, 33.470, 47.928, 37.755, 43.878, 42.930, 32.421, 31.436, 33.461, 38.647, 30.671, 42.091, 37.859, 49.015, 42.529, 45.134, 31.793, 32.277, 37.023, 30.160
RAM Usage: 3564.19, 3566.17, 3560.20, 3560.42, 3575.78, 3607.47, 3569.25, 3567.66, 3571.13, 3555.28, 3563.21, 3556.96, 3537.40, 3561.74, 3567.54, 3562.53, 3556.51, 3554.44, 3575.32, 3549.58, 3569.07, 3564.24, 3577.71, 3553.54, 3555.26, 3564.65, 3549.20, 3567.96, 3554.73, 3565.76, 3566.03, 3580.03, 3564.67, 3568.37, 3558.46, 3557.61, 3559.87, 3570.16, 3559.37, 3565.03, 3556.28, 3545.33, 3561.05, 3552.87, 3557.06, 3547.99, 3549.01, 3566.80, 3553.26, 3558.58
Disk Operations: 203324, 203426, 203282, 203426, 202854, 202526, 203032, 202140, 203330, 203680, 201936, 203574, 203888, 202924, 204474, 203190, 203608, 202232, 203592, 205124, 203578, 204632, 202746, 203212, 204258, 202860, 203562, 202924, 203054, 203230, 202420, 203928, 204008, 202768, 203686, 202132, 203252, 202860, 203998, 204332, 202412, 202536, 204376, 205172, 204616, 202760, 201612, 202752, 204510, 202044
Disk Volume: 6084.97, 6082.41, 6096.81, 6082.09, 6083.25, 6086.71, 6082.92, 6084.53, 6083.71, 6098.27, 6085.35, 6095.88, 6103.42, 6086.81, 6108.94, 6093.32, 6100.87, 6085.20, 6100.42, 6105.11, 6096.11, 6104.42, 6077.37, 6083.15, 6095.21, 6079.35, 6094.42, 6092.79, 6095.81, 6095.51, 6082.69, 6092.30, 6106.10, 6082.99, 6100.67, 6083.71, 6082.34, 6082.07, 6082.67, 6110.91, 6084.85, 6083.41, 6103.92, 6102.81, 6105.64, 6082.61, 6085.23, 6093.62, 6100.22, 6083.33
Averages: Execution Time: 37.548s, RAM: 3562.05MB, Disk Ops: 203316, Disk Vol: 6091.54MB
--------------------------------------------------------------------------------
