Database: clickhouse
Query: clickhousectl local client --time --query "SELECT * FROM taxis WHERE total_amount > 500 AND passenger_count = 5;"
Execution Times: 1.495, 1.676, 2.130, 2.138, 1.876, 2.130, 1.949, 1.881, 2.213, 2.517, 2.109, 1.846, 1.863, 1.750, 1.945, 1.584, 2.837, 2.500, 2.132, 2.639, 2.686, 2.163, 1.924, 1.739, 1.918, 1.874, 1.954, 2.463, 2.162, 2.244, 2.068, 1.921, 1.820, 1.966, 2.388, 1.624, 1.578, 1.612, 2.076, 2.303, 2.505, 2.055, 1.989, 1.769, 1.706, 1.588, 1.770, 2.099, 1.795, 1.782
RAM Usage: 884.09, 878.40, 890.76, 886.61, 883.35, 887.28, 890.70, 905.44, 890.67, 893.26, 856.11, 874.54, 896.51, 896.08, 886.75, 898.35, 893.21, 887.91, 892.07, 887.64, 886.20, 882.33, 892.55, 858.76, 909.15, 883.51, 891.21, 883.29, 890.37, 894.78, 889.43, 894.16, 892.50, 894.27, 911.77, 870.60, 893.85, 897.31, 891.79, 898.37, 891.71, 889.62, 890.15, 895.23, 887.42, 894.53, 892.30, 888.92, 891.04, 882.15
Disk Operations: 8334, 7954, 7836, 7922, 7816, 7890, 7930, 7756, 7780, 7958, 7746, 7854, 7810, 7848, 7802, 7836, 7712, 7826, 7764, 8010, 7940, 7778, 7762, 7846, 7918, 7774, 7804, 7860, 7958, 7778, 7786, 7914, 7758, 7840, 7786, 7878, 7798, 7846, 7780, 7766, 8038, 7886, 8050, 7792, 7790, 7868, 7798, 7824, 7868, 7806
Disk Volume: 894.88, 889.64, 886.76, 889.70, 888.18, 886.11, 888.87, 887.65, 885.95, 888.85, 886.17, 886.64, 885.28, 886.59, 886.32, 891.03, 885.33, 886.04, 885.53, 892.00, 885.93, 885.10, 885.42, 887.62, 889.25, 885.42, 886.57, 888.51, 886.56, 886.03, 885.50, 890.11, 887.46, 888.17, 885.33, 888.97, 885.69, 886.76, 885.64, 886.29, 887.50, 886.38, 890.75, 887.86, 885.50, 891.27, 885.15, 885.67, 889.35, 887.30
Averages: Execution Time: 2.015s, RAM: 889.38MB, Disk Ops: 7853, Disk Vol: 887.41MB
--------------------------------------------------------------------------------
Database: duckdb
Query: duckdb thesis.duckdb -c '.timer on' -c "SELECT * FROM taxis WHERE total_amount > 500 AND passenger_count = 5;"
Execution Times: 1.366, 1.629, 1.474, 1.674, 1.531, 1.647, 1.407, 1.494, 1.542, 1.444, 1.255, 1.422, 1.623, 1.536, 1.356, 1.597, 1.439, 1.311, 1.425, 1.485, 1.272, 1.463, 1.211, 1.405, 1.470, 1.508, 1.895, 1.592, 1.654, 1.578, 1.459, 1.620, 1.584, 1.410, 1.439, 1.384, 1.380, 2.748, 1.773, 1.542, 1.635, 1.968, 1.536, 1.459, 1.765, 1.593, 1.813, 1.913, 1.604, 1.622
RAM Usage: 239.62, 259.83, 231.98, 261.26, 262.51, 263.64, 247.77, 250.26, 260.83, 263.63, 245.73, 242.56, 255.78, 255.42, 247.58, 248.16, 240.59, 262.27, 237.05, 253.35, 235.41, 262.51, 237.33, 250.20, 231.07, 248.32, 240.95, 233.98, 247.07, 239.79, 255.87, 257.37, 253.94, 251.67, 240.35, 237.99, 234.81, 257.11, 246.67, 248.96, 249.71, 263.05, 258.05, 239.55, 258.69, 259.46, 262.03, 263.14, 259.55, 247.53
Disk Operations: 2580, 2672, 2566, 2504, 2720, 2686, 2536, 2580, 2540, 2560, 2498, 2574, 2758, 2512, 2620, 2604, 2576, 2564, 2774, 2632, 2672, 2622, 2566, 2604, 2588, 2486, 2632, 2556, 2614, 2766, 2670, 2632, 2608, 2668, 2602, 2516, 2716, 2682, 2572, 2590, 2658, 2782, 2576, 2560, 2580, 2662, 2692, 2688, 2604, 2645
Disk Volume: 478.30, 484.57, 479.71, 478.30, 481.71, 478.96, 481.13, 478.02, 481.80, 478.25, 479.75, 479.21, 485.15, 477.10, 480.32, 479.43, 482.68, 479.32, 484.97, 478.85, 481.52, 477.89, 479.14, 479.14, 481.61, 478.65, 481.29, 478.24, 481.32, 479.53, 485.78, 480.92, 480.14, 480.78, 479.35, 477.79, 484.28, 482.58, 478.73, 478.89, 483.07, 480.81, 481.64, 477.73, 480.91, 479.10, 483.78, 481.15, 478.64, 482.42
Averages: Execution Time: 1.559s, RAM: 250.04MB, Disk Ops: 2617, Disk Vol: 480.49MB
--------------------------------------------------------------------------------
Database: mariadb
Query: mariadb -u root --password=qwerty -vvv -D thesis -e "SELECT * FROM taxis WHERE total_amount > 500 AND passenger_count = 5;"
Execution Times: 15.112, 6.035, 5.247, 5.314, 4.399, 4.922, 4.413, 4.582, 4.762, 5.251, 4.371, 5.165, 5.161, 4.904, 5.000, 4.597, 4.356, 4.865, 4.600, 5.291, 5.354, 4.256, 4.308, 4.059, 3.785, 4.061, 3.966, 4.248, 4.307, 3.636, 4.346, 3.953, 4.705, 3.777, 4.153, 4.062, 3.812, 3.831, 4.012, 4.126, 3.597, 3.834, 3.669, 4.439, 3.782, 3.859, 3.636, 3.802, 3.569, 3.637
RAM Usage: 4316.13, 4354.95, 4354.29, 4372.34, 4318.06, 4299.67, 4360.64, 4359.37, 4349.50, 4374.31, 4360.25, 4289.32, 4349.20, 4339.24, 4346.32, 4336.17, 4346.55, 4364.07, 4359.89, 4311.86, 4368.58, 4363.44, 4317.50, 4361.69, 4372.73, 4374.06, 4312.63, 4374.81, 4369.94, 4294.07, 4361.01, 4374.38, 4357.29, 4354.53, 4354.07, 4343.83, 4353.28, 4382.25, 4372.98, 4376.25, 4369.93, 4378.80, 4358.39, 4317.83, 4337.64, 4375.89, 4303.49, 4377.04, 4336.16, 4309.92
Disk Operations: 7520, 4810, 4546, 4372, 4310, 4328, 4366, 4346, 4130, 4338, 4236, 4330, 4258, 4282, 4490, 4320, 4392, 4194, 4288, 4152, 4124, 4344, 4156, 4192, 4206, 4480, 4154, 4199, 4238, 4060, 4640, 4310, 4328, 4102, 4136, 4436, 4494, 4198, 4124, 4380, 4282, 4282, 4716, 4124, 4534, 4578, 4066, 4118, 3988, 4264
Disk Volume: 1310.60, 1298.46, 1297.35, 1296.98, 1297.87, 1297.11, 1301.50, 1299.11, 1298.22, 1297.00, 1294.69, 1297.00, 1296.00, 1299.06, 1300.47, 1298.97, 1298.04, 1295.26, 1296.84, 1293.71, 1296.06, 1296.35, 1295.38, 1298.90, 1296.25, 1300.49, 1298.55, 1296.14, 1296.17, 1295.17, 1317.55, 1297.01, 1297.42, 1297.14, 1297.39, 1301.70, 1296.71, 1296.49, 1294.63, 1296.75, 1297.62, 1300.14, 1318.85, 1296.14, 1315.64, 1299.89, 1297.33, 1298.94, 1296.06, 1297.94
Averages: Execution Time: 4.579s, RAM: 4349.33MB, Disk Ops: 4365, Disk Vol: 1298.90MB
--------------------------------------------------------------------------------
Database: monetdb
Query: sudo mclient -d thesis -t performance -s "SELECT * FROM taxis WHERE total_amount > 500 AND passenger_count = 5;"
Execution Times: 26.935, 25.147, 21.274, 25.385, 21.531, 20.396, 21.435, 20.417, 18.513, 19.093, 22.895, 21.597, 29.582, 28.261, 21.037, 24.656, 19.316, 16.040, 16.850, 21.654, 20.127, 25.126, 17.396, 18.855, 19.430, 17.637, 16.969, 17.401, 16.068, 17.412, 15.547, 14.552, 15.054, 23.629, 16.180, 14.932, 17.854, 17.390, 16.200, 15.109, 15.994, 16.721, 17.643, 16.094, 18.628, 17.390, 17.591, 20.388, 18.339, 17.374
RAM Usage: 2132.77, 2140.69, 2130.13, 2133.33, 2138.41, 2138.10, 2136.84, 2137.92, 2138.70, 2144.05, 2123.86, 2120.77, 2143.18, 2136.58, 2129.48, 2145.46, 2144.64, 2141.02, 2131.81, 2145.10, 2123.42, 2132.67, 2135.54, 2142.98, 2137.40, 2154.58, 2151.62, 2157.38, 2156.85, 2149.09, 2140.30, 2119.42, 2150.84, 2140.75, 2153.55, 2154.57, 2150.15, 2136.74, 2127.32, 2137.15, 2132.67, 2150.75, 2128.03, 2134.11, 2143.25, 2160.79, 2137.58, 2124.67, 2155.22, 2151.85
Disk Operations: 51224, 51714, 51008, 51086, 50768, 51188, 51164, 50992, 50800, 51026, 51006, 50966, 51660, 51186, 51056, 51676, 51084, 51102, 51728, 51056, 50812, 50834, 51356, 50758, 51034, 51026, 50892, 50940, 51716, 50888, 51118, 50514, 50646, 57976, 51270, 50810, 51088, 51378, 51518, 51590, 51064, 50766, 51190, 50758, 51490, 50740, 50960, 51146, 50896, 50856
Disk Volume: 5758.25, 5763.78, 5766.25, 5757.66, 5740.00, 5762.09, 5770.51, 5751.67, 5759.38, 5752.17, 5759.68, 5756.78, 5774.54, 5750.55, 5758.00, 5758.51, 5760.72, 5760.75, 5769.39, 5773.20, 5755.42, 5753.82, 5768.34, 5755.67, 5753.71, 5762.85, 5760.67, 5749.58, 5755.09, 5757.99, 5758.21, 5734.50, 5755.70, 6095.37, 5754.25, 5759.79, 5758.95, 5768.77, 5770.26, 5755.47, 5760.92, 5758.99, 5756.75, 5750.66, 5760.70, 5759.96, 5767.31, 5762.03, 5750.64, 5756.95
Averages: Execution Time: 19.421s, RAM: 2140.08MB, Disk Ops: 51230, Disk Vol: 5765.46MB
--------------------------------------------------------------------------------
Database: timescaledb
Query: psql -d thesis -c '\timing' -c "SELECT * FROM taxis WHERE total_amount > 500 AND passenger_count = 5;"
Execution Times: 49.730, 34.930, 35.529, 36.287, 35.262, 33.658, 33.337, 37.437, 37.206, 34.955, 37.036, 42.512, 37.631, 35.692, 35.138, 41.873, 35.982, 45.636, 34.593, 36.820, 37.087, 35.407, 36.172, 37.084, 35.964, 37.466, 36.773, 48.962, 36.686, 35.888, 40.102, 49.990, 33.175, 35.951, 47.445, 36.988, 35.572, 38.139, 36.295, 39.611, 35.224, 35.911, 39.597, 36.150, 33.946, 33.271, 37.587, 35.616, 39.478, 37.436
RAM Usage: 3345.40, 3331.51, 3351.65, 3349.94, 3343.09, 3332.21, 3347.96, 3332.19, 3333.51, 3331.89, 3346.82, 3352.85, 3339.39, 3336.60, 3341.99, 3332.28, 3350.43, 3352.35, 3331.10, 3334.07, 3348.07, 3344.11, 3346.42, 3340.09, 3339.01, 3336.73, 3339.55, 3344.43, 3346.46, 3341.56, 3348.87, 3332.28, 3336.79, 3346.25, 3354.61, 3350.10, 3335.90, 3349.19, 3332.54, 3335.83, 3336.24, 3346.93, 3341.13, 3351.75, 3336.82, 3335.70, 3352.19, 3343.16, 3346.00, 3341.33
Disk Operations: 141822, 140132, 138838, 139200, 140920, 140190, 140940, 141196, 140658, 141296, 140362, 139810, 138368, 140534, 140348, 141436, 139980, 140006, 141190, 140558, 140392, 140294, 140708, 140886, 140552, 140066, 140800, 139166, 141020, 139152, 140056, 138614, 140418, 139918, 140400, 140182, 139244, 140452, 141690, 141556, 139810, 141192, 139560, 139868, 141104, 140248, 141248, 139736, 140486, 139594
Disk Volume: 6282.54, 6274.32, 6269.66, 6270.67, 6277.78, 6273.03, 6277.46, 6279.01, 6277.28, 6280.03, 6275.22, 6273.24, 6267.39, 6276.09, 6276.17, 6280.94, 6271.03, 6270.99, 6280.03, 6276.77, 6277.50, 6275.81, 6276.58, 6277.50, 6276.28, 6274.21, 6277.32, 6271.01, 6278.17, 6271.58, 6274.10, 6268.78, 6272.96, 6273.64, 6275.30, 6275.23, 6271.05, 6275.89, 6282.22, 6280.94, 6274.15, 6278.39, 6274.11, 6275.99, 6280.92, 6275.21, 6275.85, 6272.78, 6272.71, 6272.45
Averages: Execution Time: 37.724s, RAM: 3341.95MB, Disk Ops: 140324, Disk Vol: 6275.37MB
--------------------------------------------------------------------------------
