Database: clickhouse
Query: clickhousectl local client --time --query "SELECT * FROM taxis ORDER BY trip_distance DESC LIMIT 100;"
Execution Times: 4.608, 4.612, 4.398, 4.237, 4.920, 3.980, 3.638, 4.973, 3.558, 3.825, 3.651, 4.026, 4.992, 3.350, 3.653, 3.551, 3.495, 3.241, 4.164, 3.627, 4.220, 3.486, 4.213, 4.627, 3.632, 3.470, 3.655, 3.761, 3.565, 4.190, 3.356, 3.569, 4.295, 4.604, 3.925, 3.682, 3.591, 3.659, 3.616, 3.731, 3.742, 4.397, 4.479, 3.608, 3.983, 5.332, 5.400, 3.618, 3.703, 3.475
RAM Usage: 897.64, 910.12, 903.90, 901.67, 899.87, 901.76, 904.30, 905.25, 897.22, 897.02, 904.78, 904.37, 898.47, 883.32, 898.26, 906.57, 900.67, 907.77, 901.36, 903.42, 908.17, 905.00, 903.86, 867.56, 901.57, 893.64, 903.61, 902.00, 899.44, 902.64, 909.16, 902.24, 905.23, 895.45, 899.13, 902.05, 904.42, 908.34, 899.06, 902.86, 902.92, 897.34, 894.05, 898.03, 904.43, 895.33, 911.84, 899.81, 899.35, 905.78
Disk Operations: 8890, 8483, 8260, 8190, 8500, 8332, 8306, 8350, 8344, 8398, 8304, 8268, 8460, 8344, 8288, 8270, 8362, 8270, 8368, 8356, 8772, 8270, 8290, 8180, 8268, 8262, 8234, 8272, 8348, 8300, 8266, 8296, 8258, 8280, 8234, 8268, 8346, 8346, 8324, 8450, 8318, 8180, 8288, 8278, 8232, 8414, 8280, 8286, 8546, 8510
Disk Volume: 719.84, 702.64, 701.45, 700.42, 705.21, 704.36, 703.00, 700.32, 704.12, 707.15, 701.50, 700.67, 704.92, 705.00, 701.26, 703.36, 704.82, 701.42, 703.58, 704.32, 710.91, 701.20, 701.56, 700.79, 700.64, 701.19, 702.85, 700.53, 704.03, 700.53, 703.70, 702.39, 700.85, 701.32, 700.67, 701.59, 701.15, 703.90, 704.76, 706.59, 700.81, 700.49, 700.88, 701.00, 702.42, 705.48, 701.42, 701.89, 707.06, 707.71
Averages: Execution Time: 3.982s, RAM: 901.04MB, Disk Ops: 8339, Disk Vol: 703.19MB
--------------------------------------------------------------------------------
Database: duckdb
Query: duckdb thesis.duckdb -c '.timer on' -c "SELECT * FROM taxis ORDER BY trip_distance DESC LIMIT 100;"
Execution Times: 3.053, 2.556, 2.180, 2.158, 3.240, 2.711, 2.507, 2.533, 2.429, 3.202, 3.004, 2.710, 2.653, 2.845, 2.504, 2.954, 3.298, 2.934, 3.609, 2.903, 2.923, 2.563, 2.414, 2.161, 2.146, 2.369, 2.317, 2.079, 2.483, 2.480, 2.260, 2.767, 2.549, 2.531, 2.574, 2.869, 2.275, 2.199, 2.619, 2.302, 2.417, 2.429, 2.477, 2.530, 2.348, 2.406, 2.621, 2.240, 2.528, 2.449
RAM Usage: 450.91, 456.97, 455.05, 439.67, 459.28, 434.50, 450.63, 455.64, 453.69, 464.43, 463.24, 463.03, 439.07, 439.57, 461.91, 454.22, 442.89, 445.39, 465.08, 439.64, 465.09, 434.03, 449.35, 466.60, 445.98, 447.73, 463.59, 449.00, 448.78, 433.12, 452.70, 459.30, 441.64, 454.22, 460.33, 434.71, 447.22, 455.53, 426.10, 456.50, 448.06, 444.52, 439.76, 457.00, 463.59, 448.59, 450.35, 439.68, 433.06, 448.23
Disk Operations: 4490, 4474, 4410, 4400, 4398, 4516, 4406, 4308, 4282, 4358, 4362, 4280, 4432, 4440, 4258, 4360, 4430, 4324, 4304, 4346, 4320, 4316, 4444, 4292, 4372, 4322, 4388, 4276, 4378, 4442, 4340, 4318, 4414, 4382, 4244, 4436, 4480, 4454, 4344, 4326, 4454, 4302, 4354, 4346, 4442, 4280, 4212, 4296, 4300, 4406
Disk Volume: 908.53, 907.72, 907.25, 902.64, 905.39, 907.87, 910.64, 903.56, 905.56, 911.68, 906.70, 906.10, 912.86, 909.39, 905.78, 907.53, 911.31, 907.01, 912.50, 908.28, 905.57, 905.79, 908.68, 905.67, 903.47, 905.86, 906.69, 907.92, 906.53, 909.10, 906.87, 907.54, 909.87, 910.21, 904.03, 907.93, 908.46, 908.28, 908.15, 906.64, 910.03, 907.60, 905.37, 906.51, 909.65, 906.32, 902.07, 907.18, 909.10, 907.69
Averages: Execution Time: 2.586s, RAM: 449.98MB, Disk Ops: 4365, Disk Vol: 907.46MB
--------------------------------------------------------------------------------
Database: monetdb
Query: sudo mclient -d thesis -t performance -s "SELECT * FROM taxis ORDER BY trip_distance DESC LIMIT 100;"
Execution Times: 16.419, 17.261, 18.103, 18.108, 16.528, 17.470, 18.698, 17.592, 17.226, 17.356, 19.246, 20.397, 22.803, 20.158, 19.323, 20.738, 19.224, 18.811, 18.806, 18.704, 18.057, 17.011, 18.003, 17.080, 18.041, 17.612, 16.807, 17.684, 18.422, 19.245, 19.905, 19.871, 19.209, 17.853, 18.459, 18.209, 17.161, 18.336, 18.766, 18.238, 18.189, 17.452, 17.174, 15.579, 15.951, 17.219, 15.853, 15.690, 16.833, 15.961
RAM Usage: 6907.42, 6954.30, 7208.97, 7224.69, 7018.71, 6989.56, 6977.10, 7157.95, 7025.87, 7003.50, 7009.19, 6889.01, 7012.41, 7088.27, 7192.00, 6986.30, 6975.69, 7145.53, 7181.60, 7143.62, 7019.14, 7012.69, 7027.50, 6820.79, 7246.87, 7225.43, 6949.91, 6908.63, 6991.53, 6937.56, 6959.88, 7015.58, 6780.78, 6999.92, 7236.57, 7228.99, 6849.24, 7006.71, 6958.73, 7030.46, 6994.21, 7001.81, 7241.37, 7079.56, 7015.38, 7203.20, 7045.23, 7021.62, 7183.63, 7249.12
Disk Operations: 113466, 113392, 113318, 113372, 106308, 113334, 113466, 113270, 113356, 106228, 113332, 113440, 113284, 113398, 113384, 113488, 113310, 113476, 113346, 113376, 113356, 106268, 113370, 113446, 113404, 113412, 106472, 113286, 113376, 113298, 113362, 113412, 113350, 113326, 113334, 113368, 106284, 113274, 113284, 113346, 113330, 113360, 113354, 106156, 106366, 113382, 106306, 106334, 113324, 106272
Disk Volume: 12765.13, 12765.42, 12763.52, 12764.85, 11958.59, 12764.09, 12768.03, 12762.64, 12764.24, 11957.57, 12763.45, 12768.39, 12762.40, 12767.11, 12763.31, 12761.72, 12762.14, 12771.71, 12763.52, 12764.09, 12765.92, 11955.46, 12764.07, 12764.42, 12766.03, 12764.27, 11959.07, 12761.01, 12764.99, 12761.63, 12765.20, 12765.53, 12764.73, 12763.15, 12761.21, 12764.04, 11958.48, 12762.42, 12762.04, 12763.03, 12760.37, 12765.01, 12764.15, 11952.34, 11959.88, 12764.45, 11956.06, 11957.60, 12764.53, 11958.35
Averages: Execution Time: 18.057s, RAM: 7046.67MB, Disk Ops: 111951, Disk Vol: 12602.80MB
--------------------------------------------------------------------------------
Database: mariadb
Query: mariadb -u root --password=qwerty -vvv -D thesis -e "SELECT * FROM taxis ORDER BY trip_distance DESC LIMIT 100;"
Execution Times: 52.890, 63.254, 58.178, 58.693, 59.419, 54.704, 65.050, 56.848, 58.443, 63.214, 58.218, 54.240, 55.311, 62.728, 54.400, 57.853, 56.903, 58.826, 61.888, 62.645, 61.625, 62.684, 60.412, 59.104, 61.267, 56.822, 58.935, 62.239, 62.950, 63.865, 56.300, 63.932, 61.252, 61.921, 66.482, 60.289, 60.281, 58.754, 55.278, 58.587, 58.287, 56.603, 59.506, 58.348, 61.530, 57.869, 59.948, 59.006, 58.386, 63.236
RAM Usage: 7025.10, 7197.47, 7046.98, 7195.58, 7211.69, 7142.60, 7431.29, 7074.22, 7168.02, 7402.67, 7149.70, 7170.45, 7254.16, 7388.37, 7079.56, 6990.40, 7082.05, 7176.39, 7126.35, 7158.58, 7163.69, 7092.63, 7173.12, 7123.97, 7203.11, 7187.10, 7220.47, 7193.34, 7130.26, 7197.23, 7117.94, 7209.30, 7161.64, 7222.61, 7259.44, 7105.87, 7108.95, 6996.85, 7228.15, 7100.56, 7136.21, 7027.90, 7015.96, 7149.23, 7178.97, 7286.98, 7093.37, 7181.35, 7116.43, 7115.36
Disk Operations: 19438, 20700, 16622, 20942, 20610, 18218, 19930, 17190, 18102, 20628, 18214, 19374, 18726, 20612, 20552, 20610, 17838, 20544, 18132, 16790, 17696, 20604, 18234, 18666, 18094, 16668, 19518, 17014, 19142, 18238, 20102, 20728, 18446, 20626, 18154, 20650, 20954, 18338, 17232, 17166, 18044, 20088, 18358, 20656, 20664, 18096, 18026, 18264, 18294, 17368
Disk Volume: 6221.16, 6302.72, 6261.51, 6345.72, 6272.76, 6281.68, 6313.13, 6248.03, 6302.03, 6299.32, 6294.15, 6222.42, 6262.45, 6309.35, 6293.46, 6290.78, 6217.34, 6290.67, 6224.39, 6258.20, 6245.45, 6283.80, 6274.96, 6301.21, 6266.36, 6243.83, 6280.14, 6257.39, 6292.40, 6211.65, 6319.23, 6287.15, 6280.87, 6273.91, 6276.32, 6324.66, 6286.96, 6259.55, 6232.51, 6264.17, 6291.92, 6321.10, 6269.38, 6322.94, 6291.92, 6282.71, 6251.67, 6271.84, 6266.60, 6256.15
Averages: Execution Time: 59.588s, RAM: 7159.39MB, Disk Ops: 18958, Disk Vol: 6276.00MB
--------------------------------------------------------------------------------
Database: timescaledb
Query: psql -d thesis -c '\timing' -c "SELECT * FROM taxis ORDER BY trip_distance DESC LIMIT 100;"
Execution Times: 18.647, 16.164, 16.548, 21.747, 16.206, 15.961, 17.469, 15.319, 16.205, 14.456, 13.065, 12.978, 17.807, 15.936, 21.492, 19.833, 18.094, 17.697, 18.698, 16.687, 18.902, 16.814, 17.024, 14.782, 12.486, 16.093, 19.513, 24.315, 23.390, 17.394, 17.457, 18.745, 12.712, 15.025, 15.837, 16.751, 13.522, 20.821, 20.967, 19.755, 15.706, 18.834, 17.537, 16.155, 16.954, 13.400, 17.216, 14.111, 14.640, 14.153
RAM Usage: 4356.57, 4117.05, 4319.71, 4372.76, 4401.50, 4357.74, 4285.19, 4288.61, 4409.92, 4143.70, 4338.11, 4193.88, 4102.99, 4365.83, 4394.37, 4352.97, 4328.60, 4256.93, 4324.72, 4379.82, 4445.45, 4340.35, 4306.14, 4359.55, 4384.71, 4401.16, 4342.95, 4336.91, 4278.92, 4376.39, 4371.23, 4169.50, 4269.47, 4299.42, 4347.78, 4329.07, 3963.92, 4357.39, 4382.21, 4382.55, 4301.48, 4359.55, 4199.67, 4324.71, 3945.34, 4288.28, 4316.27, 4374.19, 4421.55, 4265.32
Disk Operations: 57312, 57688, 57730, 57342, 58176, 56626, 57064, 57150, 57490, 57496, 57558, 57142, 57036, 57134, 57362, 57468, 57982, 57344, 57520, 57114, 58086, 56956, 57154, 57526, 57694, 57326, 57438, 57134, 56754, 57396, 57106, 56660, 57586, 57168, 57138, 56964, 57010, 57160, 58190, 57444, 56960, 57162, 57936, 57242, 57292, 57368, 57942, 57214, 58244, 58116
Disk Volume: 6713.86, 6716.64, 6718.44, 6714.57, 6716.75, 6719.05, 6718.77, 6718.07, 6713.40, 6718.57, 6718.35, 6712.90, 6718.95, 6718.47, 6718.21, 6715.36, 6720.89, 6721.71, 6715.51, 6712.36, 6717.40, 6712.40, 6713.13, 6714.79, 6713.97, 6721.89, 6717.97, 6718.75, 6716.65, 6714.30, 6713.31, 6719.32, 6717.15, 6714.52, 6715.35, 6712.91, 6715.02, 6720.91, 6712.19, 6718.66, 6712.59, 6717.78, 6712.76, 6709.87, 6716.70, 6710.85, 6716.67, 6719.13, 6722.25, 6717.94
Averages: Execution Time: 17.040s, RAM: 4306.65MB, Disk Ops: 57382, Disk Vol: 6716.36MB
--------------------------------------------------------------------------------