Database: clickhouse
Query: clickhousectl local client --time --query "SELECT EXTRACT(HOUR FROM tpep_pickup_datetime) AS pickup_hour, COUNT(*) AS total_trips, AVG(trip_distance) AS avg_distance FROM taxis WHERE tpep_pickup_datetime >= '2018-10-01 00:00:00' AND tpep_pickup_datetime < '2018-11-01 00:00:00' GROUP BY EXTRACT(HOUR FROM tpep_pickup_datetime) ORDER BY pickup_hour;"
Execution Times: 0.687, 0.757, 0.866, 0.820, 0.717, 0.721, 0.615, 0.612, 0.787, 0.702, 0.677, 0.653, 0.883, 0.763, 0.698, 0.840, 0.877, 0.772, 0.800, 0.726, 0.884, 0.781, 0.916, 0.793, 0.904, 0.802, 1.009, 0.868, 0.696, 0.888, 0.679, 0.850, 0.670, 0.771, 0.794, 0.886, 0.866, 0.927, 0.796, 0.707, 0.770, 0.614, 0.855, 0.901, 0.754, 0.936, 0.736, 0.695, 0.726, 0.711
RAM Usage: 863.95, 870.38, 871.42, 864.40, 869.29, 843.51, 883.22, 874.16, 888.87, 872.48, 872.00, 881.62, 872.28, 868.25, 868.21, 868.03, 873.49, 873.42, 875.17, 872.60, 868.71, 868.14, 869.65, 884.91, 867.82, 865.33, 876.75, 867.27, 841.91, 871.78, 866.92, 867.50, 878.38, 869.14, 862.63, 875.71, 869.10, 867.79, 881.10, 866.54, 868.27, 866.93, 872.14, 866.26, 867.10, 869.67, 862.59, 864.62, 869.57, 869.19
Disk Operations: 1398, 1230, 1114, 1122, 1134, 1050, 1184, 1094, 1074, 1082, 1024, 1106, 1186, 1094, 1074, 1152, 1122, 1082, 1040, 1108, 1088, 1066, 1184, 1130, 1114, 1126, 1024, 1238, 1082, 1208, 1116, 1082, 1172, 1060, 1078, 1110, 1086, 1116, 1220, 1070, 1144, 1070, 1060, 1178, 1080, 976, 1080, 1068, 1144, 1268
Disk Volume: 92.55, 90.53, 89.96, 89.62, 87.82, 87.42, 88.41, 87.51, 87.47, 87.57, 88.14, 87.76, 88.44, 87.71, 87.13, 88.14, 90.79, 87.58, 87.50, 89.50, 87.75, 87.29, 90.28, 87.06, 89.26, 90.36, 87.23, 91.53, 87.46, 88.29, 87.96, 87.32, 91.50, 87.37, 87.47, 87.51, 87.39, 89.10, 88.44, 89.63, 89.93, 87.51, 87.06, 91.28, 87.27, 86.72, 87.62, 87.13, 87.68, 90.32
Averages: Execution Time: 0.783s, RAM: 869.80MB, Disk Ops: 1118, Disk Vol: 88.49MB
--------------------------------------------------------------------------------
Database: duckdb
Query: duckdb thesis.duckdb -c '.timer on' -c "SELECT EXTRACT(HOUR FROM tpep_pickup_datetime) AS pickup_hour, COUNT(*) AS total_trips, AVG(trip_distance) AS avg_distance FROM taxis WHERE tpep_pickup_datetime >= '2018-10-01 00:00:00' AND tpep_pickup_datetime < '2018-11-01 00:00:00' GROUP BY EXTRACT(HOUR FROM tpep_pickup_datetime) ORDER BY pickup_hour;"
Execution Times: 12.404, 1.296, 1.204, 1.349, 1.237, 1.274, 1.343, 1.216, 1.147, 1.428, 1.358, 1.213, 1.302, 1.293, 1.304, 1.386, 1.639, 1.971, 1.279, 1.376, 1.396, 1.379, 1.367, 1.473, 1.813, 1.463, 1.561, 1.546, 1.331, 1.228, 1.739, 1.448, 1.261, 1.366, 1.152, 1.214, 1.357, 1.129, 1.166, 1.122, 1.130, 1.143, 1.191, 1.230, 1.352, 1.193, 1.222, 1.132, 1.093, 1.089
RAM Usage: 185.72, 180.55, 173.79, 174.09, 160.80, 165.69, 177.33, 185.96, 166.05, 178.43, 186.92, 183.55, 186.72, 177.71, 173.51, 177.98, 173.02, 176.23, 165.11, 171.28, 183.99, 186.83, 171.33, 177.32, 180.29, 171.52, 170.05, 185.08, 172.97, 177.24, 186.54, 177.33, 178.46, 177.97, 186.85, 164.94, 166.37, 186.99, 178.76, 177.39, 176.79, 176.21, 171.89, 186.19, 172.19, 180.82, 178.44, 159.62, 178.66, 164.71
Disk Operations: 2234, 2014, 1936, 2054, 1962, 1968, 2132, 2226, 2032, 2076, 2042, 2170, 1948, 2192, 2030, 2154, 1972, 2078, 1994, 2120, 2080, 2016, 2136, 1982, 2156, 2018, 1990, 2024, 1950, 2008, 2158, 2048, 1976, 2048, 2026, 2142, 2090, 2014, 2024, 2024, 2124, 2068, 2036, 2162, 2070, 2026, 2096, 2014, 2034, 2290
Disk Volume: 365.21, 357.86, 355.57, 355.89, 353.53, 353.44, 355.26, 359.78, 356.39, 356.27, 355.94, 358.99, 356.33, 364.35, 355.44, 357.82, 356.98, 358.60, 356.97, 360.38, 356.21, 355.60, 359.55, 353.71, 363.68, 355.19, 358.16, 357.57, 354.90, 356.07, 359.17, 355.65, 355.18, 357.53, 355.92, 358.50, 358.60, 355.13, 356.53, 353.89, 359.76, 357.24, 355.64, 360.07, 357.38, 353.86, 355.58, 356.78, 355.55, 360.89
Averages: Execution Time: 1.546s, RAM: 176.48MB, Disk Ops: 2063, Disk Vol: 357.21MB
--------------------------------------------------------------------------------
Database: mariadb
Query: mariadb -u root --password=qwerty -vvv -D thesis -e "SELECT EXTRACT(HOUR FROM tpep_pickup_datetime) AS pickup_hour, COUNT(*) AS total_trips, AVG(trip_distance) AS avg_distance FROM taxis WHERE tpep_pickup_datetime >= '2018-10-01 00:00:00' AND tpep_pickup_datetime < '2018-11-01 00:00:00' GROUP BY EXTRACT(HOUR FROM tpep_pickup_datetime) ORDER BY pickup_hour;"
Execution Times: 3.021, 3.032, 2.983, 2.934, 2.651, 3.268, 3.008, 2.967, 3.102, 2.813, 5.379, 2.800, 2.679, 2.976, 2.552, 2.754, 2.647, 2.886, 2.686, 2.568, 2.958, 2.688, 2.973, 2.624, 2.682, 3.324, 2.984, 2.752, 2.961, 2.709, 2.808, 2.912, 2.886, 2.593, 2.956, 3.017, 2.917, 2.692, 2.714, 2.852, 2.593, 2.886, 2.845, 2.777, 2.770, 2.746, 2.889, 2.820, 2.953, 2.801
RAM Usage: 1919.26, 1939.66, 1931.91, 1921.11, 1927.69, 1914.18, 1932.40, 1915.42, 1950.01, 1933.52, 1874.35, 1929.71, 1950.81, 1913.68, 1907.05, 1936.76, 1926.60, 1915.44, 1933.11, 1912.00, 1952.91, 1933.98, 1940.33, 1940.87, 1908.82, 1890.92, 1890.26, 1903.54, 1935.12, 1935.68, 1910.31, 1911.25, 1948.45, 1936.91, 1931.78, 1940.74, 1923.07, 1943.74, 1934.46, 1935.33, 1954.58, 1930.69, 1898.40, 1933.13, 1939.70, 1909.50, 1929.44, 1937.44, 1918.22, 1978.08
Disk Operations: 2874, 3236, 2698, 2586, 2706, 2844, 2732, 2738, 2808, 2776, 4424, 2640, 2764, 3004, 2678, 2882, 2652, 2862, 2888, 2766, 3158, 2712, 2580, 2860, 2542, 2368, 2654, 2690, 2810, 2888, 2646, 2780, 3162, 2610, 3100, 2716, 2734, 2726, 2750, 2828, 2484, 2834, 2598, 2864, 2680, 2704, 2876, 2650, 2798, 2574
Disk Volume: 1054.84, 1082.38, 1055.64, 1076.33, 1049.10, 1092.82, 1009.54, 1092.95, 1084.44, 1059.77, 2603.07, 996.26, 1057.27, 1059.76, 1035.02, 1118.31, 1033.67, 1091.73, 1107.58, 1036.13, 1087.28, 1058.67, 1035.85, 1101.55, 1029.33, 1059.29, 1035.97, 1034.65, 1053.32, 1061.83, 1004.15, 1104.70, 1058.31, 1029.85, 1161.81, 1078.02, 1050.01, 1052.32, 1107.85, 1088.00, 1056.35, 977.70, 1058.38, 1090.35, 1031.40, 1067.03, 1105.60, 1058.15, 1052.35, 920.19
Averages: Execution Time: 2.896s, RAM: 1927.25MB, Disk Ops: 2799, Disk Vol: 1090.14MB
--------------------------------------------------------------------------------
Database: monetdb
Query: sudo mclient -d thesis -t performance -s "SELECT EXTRACT(HOUR FROM tpep_pickup_datetime) AS pickup_hour, COUNT(*) AS total_trips, AVG(trip_distance) AS avg_distance FROM taxis WHERE tpep_pickup_datetime >= '2018-10-01 00:00:00' AND tpep_pickup_datetime < '2018-11-01 00:00:00' GROUP BY EXTRACT(HOUR FROM tpep_pickup_datetime) ORDER BY pickup_hour;"
Execution Times: 5.892, 5.642, 6.379, 5.014, 4.840, 4.670, 4.850, 4.620, 4.733, 5.533, 5.766, 5.427, 5.405, 5.245, 5.140, 5.313, 5.195, 5.703, 5.134, 6.050, 6.650, 4.905, 6.311, 6.263, 5.067, 5.400, 5.401, 6.202, 6.498, 6.523, 5.641, 4.797, 4.373, 6.166, 5.233, 5.040, 5.312, 4.961, 5.230, 5.244, 5.834, 6.380, 5.582, 5.439, 4.902, 5.333, 4.459, 4.341, 4.504, 4.686
RAM Usage: 1181.47, 1164.39, 1197.39, 1186.46, 1179.75, 1161.83, 1221.00, 1193.19, 1204.20, 1203.87, 926.02, 1200.67, 1178.81, 1210.57, 1182.00, 1192.81, 1169.73, 1224.86, 1184.48, 1209.08, 1186.79, 1195.90, 1196.25, 1223.02, 1199.39, 1181.62, 1203.25, 1178.51, 1199.68, 1173.56, 1100.16, 1220.50, 1154.87, 1154.96, 1177.72, 1202.71, 1203.67, 1223.39, 1183.57, 1156.91, 1107.23, 1248.53, 1072.10, 1158.62, 1179.54, 1210.04, 1164.39, 1202.98, 1175.68, 1147.33
Disk Operations: 18138, 18152, 18220, 18104, 18116, 18082, 18264, 18158, 18290, 18256, 18252, 18334, 18118, 18178, 18118, 18152, 18230, 18152, 18052, 18374, 18134, 18090, 18106, 18296, 18240, 18044, 18106, 18196, 18324, 18252, 18292, 18232, 18124, 18206, 18200, 18198, 18040, 18102, 18222, 18172, 18128, 18110, 18118, 18448, 18142, 18244, 18136, 18160, 18356, 17982
Disk Volume: 2087.12, 2080.81, 2081.38, 2089.10, 2082.40, 2080.03, 2087.75, 2087.00, 2083.60, 2092.09, 2082.67, 2091.41, 2086.20, 2086.84, 2086.41, 2085.07, 2087.96, 2086.27, 2083.84, 2099.57, 2084.35, 2080.79, 2089.75, 2090.33, 2087.16, 2081.89, 2084.00, 2089.27, 2090.78, 2091.28, 2093.73, 2086.60, 2084.89, 2090.22, 2084.05, 2087.99, 2081.39, 2088.33, 2083.83, 2088.69, 2083.28, 2084.71, 2082.50, 2090.22, 2084.35, 2087.13, 2091.35, 2086.84, 2087.42, 2080.48
Averages: Execution Time: 5.385s, RAM: 1179.11MB, Disk Ops: 18183, Disk Vol: 2086.50MB
--------------------------------------------------------------------------------
Database: timescaledb
Query: psql -d thesis -c '\timing' -c "SELECT EXTRACT(HOUR FROM tpep_pickup_datetime) AS pickup_hour, COUNT(*) AS total_trips, AVG(trip_distance) AS avg_distance FROM taxis WHERE tpep_pickup_datetime >= '2018-10-01 00:00:00' AND tpep_pickup_datetime < '2018-11-01 00:00:00' GROUP BY EXTRACT(HOUR FROM tpep_pickup_datetime) ORDER BY pickup_hour;"
Execution Times: 5.354, 5.359, 5.509, 5.164, 5.468, 5.461, 5.520, 5.686, 5.751, 5.897, 5.711, 5.427, 5.502, 6.800, 7.428, 7.054, 5.686, 5.708, 5.642, 5.770, 5.367, 5.360, 5.074, 6.805, 6.514, 6.585, 5.337, 5.360, 4.995, 5.949, 5.153, 5.153, 5.312, 5.426, 5.303, 5.095, 5.465, 5.569, 5.557, 5.597, 5.320, 5.609, 5.477, 7.111, 6.948, 6.380, 5.391, 5.832, 5.217, 5.405
RAM Usage: 573.48, 533.32, 565.07, 585.88, 550.31, 560.97, 565.62, 560.41, 574.39, 568.37, 523.75, 535.71, 538.02, 571.54, 568.50, 570.91, 572.93, 564.38, 561.15, 565.86, 554.09, 567.56, 585.22, 570.08, 573.91, 566.11, 573.77, 559.75, 530.94, 561.16, 513.79, 582.78, 537.53, 563.60, 529.22, 591.24, 545.14, 551.15, 567.87, 553.82, 554.74, 572.60, 536.29, 571.32, 569.32, 567.71, 568.66, 560.65, 523.51, 560.76
Disk Operations: 38622, 38674, 38598, 38348, 38692, 38696, 38664, 38682, 38628, 38580, 38766, 38738, 38716, 38724, 38698, 39128, 38718, 38722, 38638, 38620, 38774, 38780, 38322, 38618, 38744, 38770, 38634, 38528, 38312, 38788, 38736, 38292, 38678, 38582, 38744, 38322, 38846, 38716, 38638, 38618, 38752, 38638, 38626, 38686, 38796, 38668, 38798, 38517, 38626, 38612
Disk Volume: 368.34, 367.02, 367.76, 374.17, 371.86, 372.01, 371.60, 369.00, 369.17, 366.07, 370.38, 370.68, 371.62, 371.39, 371.23, 371.84, 371.01, 368.50, 368.31, 368.75, 372.26, 372.49, 369.10, 369.86, 371.36, 371.69, 366.32, 366.83, 374.81, 371.71, 371.92, 368.96, 368.19, 368.10, 370.10, 373.57, 372.57, 369.05, 368.87, 368.39, 370.39, 370.44, 371.70, 371.25, 371.34, 371.92, 368.94, 366.09, 368.02, 371.06
Averages: Execution Time: 5.711s, RAM: 559.50MB, Disk Ops: 38656, Disk Vol: 370.16MB
--------------------------------------------------------------------------------
