Database: clickhouse
Query: clickhousectl local client --time --query "SELECT SUM(total_amount) AS total_revenue, AVG(trip_distance) AS avg_distance, COUNT(*) AS total_trips FROM taxis;"
Execution Times: 3.119, 2.967, 3.290, 3.327, 3.569, 3.842, 2.821, 2.904, 3.019, 3.523, 4.006, 3.563, 3.098, 3.393, 2.896, 3.489, 3.882, 4.447, 3.702, 4.607, 4.451, 2.967, 3.482, 3.173, 2.843, 2.955, 3.010, 3.235, 3.882, 3.918, 4.129, 3.335, 4.080, 2.847, 3.711, 4.089, 4.108, 3.535, 3.728, 4.020, 3.140, 2.915, 3.785, 3.818, 3.539, 2.923, 3.196, 3.870, 3.790, 3.770, 3.288, 3.261, 3.737, 4.020, 3.746, 3.479, 3.170, 3.602, 3.228, 3.483, 2.977, 3.709, 4.194, 3.968, 3.675, 3.741, 4.120, 3.909, 3.773, 3.466, 3.204, 3.143, 3.460, 3.336, 3.624, 3.157, 3.204, 3.029, 3.134, 3.051, 3.133, 2.719, 3.008, 3.504, 3.279, 3.109, 4.118, 3.814, 3.687, 4.202, 3.948, 3.844, 4.288, 3.749, 4.014, 4.074, 3.893, 3.769, 2.999, 3.137
RAM Usage: 870.95, 869.97, 870.84, 866.73, 860.21, 864.51, 876.91, 861.08, 869.58, 872.06, 864.56, 864.14, 869.46, 869.13, 872.53, 866.78, 870.78, 866.22, 863.22, 873.61, 863.67, 866.47, 860.77, 866.07, 864.16, 879.66, 868.82, 882.65, 864.97, 867.44, 871.91, 874.72, 867.11, 868.76, 880.75, 866.98, 863.67, 865.91, 858.64, 866.50, 889.05, 864.98, 874.41, 867.13, 870.08, 857.57, 859.73, 885.77, 881.70, 873.92, 869.49, 869.08, 865.77, 883.98, 869.01, 865.21, 862.50, 866.01, 864.73, 873.21, 863.97, 859.44, 868.19, 862.95, 870.40, 868.87, 864.76, 866.89, 863.87, 869.53, 859.86, 871.13, 870.72, 865.04, 867.19, 866.76, 871.46, 869.25, 866.25, 861.35, 865.70, 855.06, 862.39, 858.69, 862.48, 872.95, 881.78, 875.76, 873.94, 866.57, 878.24, 870.92, 869.75, 867.06, 874.80, 864.18, 879.13, 868.91, 883.09, 866.53
Disk Operations: 10208, 9976, 9968, 9938, 9952, 9986, 9975, 9862, 9942, 9932, 9986, 9846, 10004, 9972, 9850, 9878, 9938, 9934, 9858, 9884, 9858, 9908, 9980, 9986, 9836, 9934, 10032, 10022, 9770, 9744, 9832, 9888, 10088, 9912, 9904, 9848, 9764, 9768, 9994, 10104, 9970, 9776, 9872, 9826, 9766, 9864, 9882, 9966, 9938, 9940, 10060, 9876, 9938, 9770, 9942, 9858, 9934, 9996, 9844, 9916, 9932, 10000, 9982, 9842, 10022, 10006, 9860, 9842, 9828, 9938, 9976, 10052, 9952, 9912, 10088, 9830, 9914, 10048, 9870, 9890, 9896, 9870, 9980, 9978, 9856, 9934, 9982, 9868, 9910, 10010, 9800, 9838, 10028, 9826, 9836, 9952, 9948, 9962, 9866, 9882
Disk Volume: 1194.03, 1182.41, 1183.60, 1185.14, 1185.34, 1182.03, 1184.67, 1182.14, 1184.07, 1181.82, 1185.22, 1181.54, 1187.32, 1185.03, 1181.47, 1181.91, 1184.81, 1184.38, 1182.03, 1185.07, 1188.32, 1182.09, 1185.51, 1185.17, 1181.27, 1184.55, 1185.96, 1188.16, 1181.61, 1180.93, 1181.82, 1181.32, 1184.14, 1182.35, 1182.36, 1184.89, 1181.57, 1181.13, 1187.96, 1186.76, 1185.32, 1180.82, 1181.31, 1181.81, 1180.88, 1180.92, 1181.53, 1185.91, 1185.24, 1187.67, 1188.24, 1181.34, 1182.07, 1181.77, 1182.12, 1185.70, 1185.91, 1184.17, 1181.26, 1181.44, 1184.37, 1185.93, 1185.60, 1181.96, 1185.03, 1182.53, 1182.10, 1181.75, 1183.60, 1184.11, 1185.43, 1190.85, 1181.50, 1181.69, 1184.86, 1181.72, 1184.21, 1187.78, 1181.10, 1181.86, 1181.69, 1181.73, 1187.50, 1181.87, 1181.94, 1184.17, 1187.77, 1184.66, 1184.85, 1185.14, 1181.04, 1183.43, 1185.37, 1181.37, 1181.15, 1181.67, 1181.60, 1181.59, 1183.85, 1181.96
Averages: Execution Time: 3.529s, RAM: 868.72MB, Disk Ops: 9920, Disk Vol: 1183.70MB
--------------------------------------------------------------------------------
Database: duckdb
Query: duckdb thesis.duckdb -c ".timer on" -c "SELECT SUM(total_amount) AS total_revenue, AVG(trip_distance) AS avg_distance, COUNT(*) AS total_trips FROM taxis;"
Execution Times: 3.540, 3.332, 3.610, 3.336, 3.219, 3.122, 3.356, 3.379, 2.891, 3.493, 3.253, 2.797, 3.164, 3.371, 2.876, 3.665, 3.891, 3.249, 3.271, 3.030, 3.296, 3.589, 3.363, 2.991, 3.247, 3.454, 3.982, 3.479, 3.243, 3.236, 3.137, 2.975, 2.662, 2.950, 3.036, 2.907, 2.792, 3.116, 2.540, 2.612, 2.858, 2.783, 2.637, 2.661, 2.997, 2.771, 2.704, 3.226, 2.860, 2.822, 3.728, 3.195, 3.415, 3.225, 3.225, 3.769, 3.585, 3.245, 3.300, 3.467, 3.987, 3.509, 3.691, 3.207, 3.723, 3.768, 3.201, 3.411, 3.549, 3.208, 3.453, 3.288, 3.622, 3.233, 3.424, 3.357, 3.038, 3.053, 3.275, 3.389, 2.685, 2.586, 2.782, 3.158, 2.621, 2.938, 3.068, 2.810, 3.573, 3.064, 3.057, 3.356, 3.456, 3.540, 3.260, 3.274, 3.549, 3.368, 3.597, 3.409
RAM Usage: 529.67, 514.37, 523.27, 501.07, 523.16, 521.87, 500.18, 528.42, 506.54, 513.51, 526.65, 514.32, 512.94, 505.53, 499.03, 529.63, 511.78, 506.73, 517.72, 513.96, 521.32, 515.67, 523.26, 501.29, 512.12, 523.84, 515.01, 517.63, 528.91, 512.50, 505.01, 524.58, 501.73, 514.82, 508.21, 503.34, 522.55, 501.31, 506.66, 509.59, 511.86, 513.96, 529.70, 527.08, 498.62, 520.02, 509.21, 508.99, 507.75, 501.69, 512.03, 516.03, 507.48, 510.19, 520.32, 501.41, 501.89, 514.01, 508.80, 505.52, 524.20, 513.49, 518.16, 506.22, 510.98, 521.90, 500.97, 514.92, 517.34, 523.65, 529.66, 515.07, 503.19, 505.00, 519.63, 504.87, 508.68, 502.76, 508.26, 516.08, 499.79, 514.61, 499.79, 529.68, 513.00, 509.04, 513.08, 528.92, 494.71, 504.83, 516.52, 509.33, 519.86, 520.59, 508.97, 518.24, 525.28, 526.87, 512.94, 519.93
Disk Operations: 4870, 5038, 4826, 4888, 4966, 4868, 5026, 4890, 4822, 5026, 4914, 4810, 4986, 4914, 4826, 5010, 4872, 4900, 4912, 4808, 4868, 4932, 4868, 4668, 4912, 4860, 4816, 4826, 4806, 5040, 4848, 4792, 5050, 4902, 4856, 5018, 4834, 4846, 4832, 4826, 4834, 4914, 4986, 4820, 4954, 4954, 4858, 4856, 4932, 4914, 4884, 4934, 4802, 4766, 4978, 4790, 4858, 4958, 4818, 4860, 4764, 4842, 4912, 4826, 4904, 5018, 4822, 4828, 4824, 4878, 4936, 4916, 4860, 4962, 4776, 4816, 4918, 4818, 4946, 4728, 4878, 4832, 4984, 4856, 4798, 4988, 4834, 4798, 4938, 4872, 4764, 4882, 4772, 4772, 4934, 4726, 5062, 4786, 4872, 5014
Disk Volume: 1039.07, 1044.63, 1038.44, 1039.67, 1039.59, 1040.75, 1044.89, 1041.50, 1038.30, 1044.64, 1040.93, 1036.82, 1042.39, 1040.57, 1038.89, 1044.16, 1040.30, 1039.67, 1043.83, 1039.71, 1041.55, 1044.82, 1040.43, 1037.78, 1039.88, 1042.45, 1042.01, 1040.07, 1039.27, 1044.59, 1039.25, 1040.73, 1044.41, 1041.60, 1039.96, 1044.78, 1039.04, 1040.00, 1041.64, 1040.28, 1036.17, 1040.00, 1044.60, 1040.14, 1041.86, 1043.78, 1042.94, 1039.03, 1043.96, 1039.87, 1041.09, 1043.19, 1039.96, 1040.10, 1044.05, 1039.91, 1041.46, 1044.55, 1039.38, 1040.66, 1041.63, 1039.91, 1042.78, 1039.60, 1041.07, 1044.46, 1040.31, 1044.25, 1041.46, 1040.05, 1042.93, 1039.01, 1040.46, 1044.55, 1039.74, 1040.41, 1043.94, 1039.33, 1040.76, 1040.20, 1040.59, 1039.59, 1045.18, 1039.73, 1036.85, 1044.92, 1038.10, 1037.10, 1043.25, 1038.82, 1038.60, 1044.17, 1041.22, 1039.28, 1042.96, 1039.98, 1045.86, 1040.43, 1042.50, 1045.45
Averages: Execution Time: 3.225s, RAM: 513.47MB, Disk Ops: 4879, Disk Vol: 1041.21MB
--------------------------------------------------------------------------------
Database: monetdb
Query: sudo mclient -d thesis -t performance -s "SELECT SUM(total_amount) AS total_revenue, AVG(trip_distance) AS avg_distance, COUNT(*) AS total_trips FROM taxis;"
Execution Times: 5.365, 5.995, 6.793, 6.481, 6.653, 8.065, 6.398, 6.303, 6.181, 6.526, 6.267, 6.487, 6.036, 5.907, 5.597, 5.957, 6.494, 6.789, 6.828, 6.671, 6.388, 6.402, 6.885, 6.429, 6.760, 6.765, 7.137, 7.057, 6.835, 6.418, 6.475, 6.996, 6.767, 6.672, 6.750, 6.896, 6.898, 8.576, 8.937, 7.187, 6.346, 7.166, 6.940, 6.771, 6.360, 6.625, 8.881, 9.669, 10.148, 9.632
RAM Usage: 1492.23, 1685.09, 1747.41, 1759.18, 1759.16, 1738.13, 1607.19, 1758.85, 1745.32, 1724.74, 1726.04, 1718.04, 1210.37, 1753.99, 1746.67, 1732.44, 1737.33, 1743.58, 1734.54, 1514.77, 1758.16, 1759.10, 1738.39, 1573.62, 1736.33, 1748.82, 1758.46, 1751.54, 1725.23, 1759.28, 1667.25, 1749.21, 1684.26, 1759.15, 1737.85, 1749.60, 1755.18, 1745.78, 1700.51, 1744.87, 1721.64, 1720.34, 870.64, 1348.07, 1630.94, 1376.89, 1596.64, 1723.98, 1736.70, 1706.46
Disk Operations: 29802, 29792, 29840, 29714, 29822, 29864, 29596, 29682, 29746, 29840, 29868, 29976, 29810, 29878, 29776, 29846, 29816, 29844, 29976, 29900, 29868, 29854, 29852, 29664, 29844, 29868, 29782, 29858, 29864, 29900, 29864, 29866, 29742, 29844, 29926, 29792, 29806, 29792, 29912, 29810, 29764, 30054, 29912, 29898, 29854, 29854, 29874, 29798, 30116, 30078
Disk Volume: 3443.32, 3437.78, 3437.70, 3435.99, 3434.98, 3440.82, 3429.57, 3434.22, 3436.30, 3440.71, 3440.11, 3440.57, 3438.08, 3437.19, 3434.17, 3440.11, 3438.48, 3440.71, 3441.19, 3440.23, 3440.42, 3440.47, 3438.30, 3436.91, 3436.59, 3436.67, 3436.10, 3438.51, 3440.00, 3440.14, 3440.24, 3438.07, 3437.99, 3438.30, 3440.65, 3437.50, 3436.50, 3434.58, 3441.44, 3437.42, 3434.50, 3450.39, 3440.04, 3440.93, 3438.25, 3438.03, 3441.65, 3441.80, 3451.28, 3447.14
Averages: Execution Time: 6.911s, RAM: 1673.40MB, Disk Ops: 29846, Disk Vol: 3439.06MB
--------------------------------------------------------------------------------
Database: mariadb
Query: mariadb -u root --password=qwerty -vvv -D thesis -e "SELECT SUM(total_amount) AS total_revenue, AVG(trip_distance) AS avg_distance, COUNT(*) AS total_trips FROM taxis;"
Execution Times: 13.268, 5.733, 6.561, 6.550, 5.906, 6.325, 6.093, 6.152, 5.916, 6.246, 6.220, 5.570, 5.631, 5.803, 5.648, 5.945, 5.987, 6.194, 6.374, 5.592, 5.268, 5.351, 5.825, 5.582, 5.687, 6.389, 6.058, 6.323, 5.530, 5.856, 5.278, 5.495, 5.953, 6.830, 6.364, 6.219, 5.927, 5.754, 5.892, 6.110, 5.809, 5.852, 6.153, 7.469, 6.618, 6.158, 5.878, 5.885, 5.994, 5.884, 6.078, 6.287, 5.968, 6.091, 6.259, 5.920, 5.977, 6.225, 5.741, 5.417, 6.196, 7.015, 6.144, 6.495, 5.972, 5.751, 5.938, 6.001, 5.850, 5.790, 6.340, 6.641, 6.119, 6.083, 5.593, 5.962, 5.885, 5.758, 6.819, 6.575, 6.448, 6.240, 6.150, 6.125, 5.728, 5.533, 6.744, 6.365, 5.705, 6.165, 6.371, 6.146, 5.716, 6.283, 5.781, 6.099, 6.221, 6.054, 6.177, 6.356
RAM Usage: 4250.75, 4268.29, 4276.86, 4269.07, 4278.82, 4265.69, 4254.87, 4225.27, 4287.47, 4281.39, 4261.95, 4229.75, 4251.33, 4241.54, 4234.51, 4283.56, 4285.86, 4267.64, 4262.74, 4252.81, 4235.45, 4269.09, 4232.85, 4204.71, 4289.06, 4238.04, 4267.67, 4276.14, 4256.14, 4272.87, 4259.01, 4285.07, 4254.53, 4263.56, 4240.62, 4220.62, 4259.15, 4236.99, 4229.65, 4273.41, 4246.59, 4275.03, 4276.84, 4271.50, 4271.78, 4278.94, 4293.14, 4278.85, 4294.26, 4283.46, 4237.60, 4293.00, 4275.58, 4266.57, 4278.99, 4281.79, 4254.01, 4254.45, 4272.46, 4293.98, 4273.23, 4195.94, 4221.59, 4281.91, 4260.59, 4275.42, 4289.13, 4293.77, 4271.88, 4268.58, 4276.82, 4203.12, 4239.62, 4285.42, 4272.98, 4240.08, 4250.26, 4284.49, 4272.89, 4250.83, 4286.38, 4279.32, 4218.92, 4267.73, 4290.76, 4261.94, 4199.44, 4276.10, 4284.98, 4285.59, 4277.17, 4250.24, 4281.60, 4284.04, 4276.71, 4263.22, 4222.21, 4247.01, 4295.60, 4280.75
Disk Operations: 6820, 4532, 4466, 4422, 4284, 4282, 4218, 4222, 4554, 4092, 4376, 4210, 4088, 4326, 4298, 4480, 4546, 4054, 4776, 4230, 4100, 4156, 4242, 4406, 4149, 4770, 4612, 4338, 4332, 4298, 4282, 4270, 4232, 4538, 4358, 4466, 4184, 4062, 4274, 4448, 4236, 4448, 3926, 4362, 4184, 4376, 4270, 3994, 4170, 4378, 4290, 4174, 4258, 4258, 4390, 4514, 4320, 4572, 4502, 4320, 4230, 4442, 4276, 4336, 4450, 4342, 4248, 4272, 4374, 4368, 4838, 4310, 4304, 4186, 3826, 4261, 4358, 4218, 4390, 4382, 4156, 4400, 4442, 4266, 3978, 4098, 4354, 4378, 4460, 4392, 4300, 4284, 4330, 4454, 4414, 4420, 4208, 4264, 4420, 4330
Disk Volume: 1499.32, 1539.63, 1538.48, 1559.03, 1539.25, 1546.33, 1539.37, 1535.85, 1534.35, 1534.61, 1549.28, 1536.66, 1529.78, 1539.53, 1540.40, 1536.21, 1535.09, 1535.98, 1554.62, 1530.01, 1526.42, 1522.52, 1541.16, 1527.99, 1515.84, 1550.70, 1539.96, 1537.67, 1552.86, 1551.23, 1534.33, 1542.77, 1540.63, 1545.88, 1533.23, 1551.65, 1561.94, 1558.34, 1530.38, 1542.50, 1524.93, 1541.85, 1525.09, 1541.20, 1531.70, 1508.34, 1521.07, 1518.78, 1499.03, 1521.60, 1555.02, 1546.74, 1520.67, 1532.22, 1545.85, 1547.23, 1536.49, 1528.17, 1542.90, 1529.44, 1537.40, 1541.75, 1547.15, 1539.32, 1539.49, 1540.41, 1556.36, 1539.14, 1554.17, 1538.04, 1568.85, 1557.60, 1535.57, 1522.96, 1512.37, 1537.17, 1563.69, 1538.26, 1542.78, 1540.71, 1518.13, 1522.38, 1541.22, 1550.71, 1520.61, 1503.95, 1522.78, 1529.78, 1526.03, 1544.85, 1527.75, 1541.50, 1538.35, 1538.15, 1529.47, 1544.02, 1548.85, 1540.82, 1535.00, 1530.48
Averages: Execution Time: 6.124s, RAM: 4263.12MB, Disk Ops: 4345, Disk Vol: 1536.88MB
--------------------------------------------------------------------------------
Database: timescaledb
Query: psql -d thesis -c '\timing' -c "SELECT SUM(total_amount) AS total_revenue, AVG(trip_distance) AS avg_distance, COUNT(*) AS total_trips FROM taxis;"
Execution Times: 30.497, 33.312, 27.986, 26.250, 27.660, 28.745, 29.704, 27.236, 30.783, 32.406, 26.331, 25.894, 26.710, 26.998, 27.661, 32.479, 31.557, 28.031, 29.440, 32.489, 25.864, 25.728, 27.139, 25.488, 26.427, 25.920, 25.972, 26.572, 25.617, 24.849, 26.333, 31.960, 31.500, 33.737, 33.969, 26.745, 27.092, 26.837, 32.054, 32.636, 26.338, 27.377, 27.584, 26.831, 27.349, 26.953, 28.562, 32.667, 32.628, 28.260, 26.663, 27.810, 30.967, 31.920, 27.491, 26.433, 27.934, 32.672, 28.883, 32.266, 27.884, 27.063, 29.121, 32.394, 32.770, 30.068, 26.859, 27.887, 26.521, 27.074, 26.735, 26.883, 26.838, 27.380, 26.834, 26.670, 27.659, 26.775, 29.265, 32.613, 33.565, 32.420, 32.966, 32.559, 27.383, 27.024, 26.676, 26.569, 26.624, 26.416, 26.959, 25.921, 27.238, 37.026, 27.594, 27.787, 32.847, 31.167, 27.469, 31.019
RAM Usage: 2123.45, 2117.47, 2115.66, 2101.75, 2093.26, 2101.50, 2089.37, 2080.92, 2111.85, 2096.66, 1976.62, 2091.07, 2122.70, 2103.82, 2085.58, 2127.25, 2084.96, 2081.42, 2127.00, 2108.27, 2106.45, 2053.16, 2113.93, 2051.91, 2088.12, 2104.71, 2104.26, 2099.71, 2108.83, 2087.53, 2101.12, 2101.08, 2100.19, 2106.10, 2016.10, 2111.50, 2112.36, 2109.26, 2104.66, 2045.87, 2108.94, 2113.85, 2092.80, 2087.12, 2110.41, 2107.41, 2124.77, 2109.22, 2138.14, 2121.08, 2110.14, 2029.14, 2095.52, 2127.17, 2104.62, 2115.66, 2113.92, 2105.58, 2128.11, 2071.66, 1976.29, 2118.97, 2110.07, 2094.21, 2107.81, 2110.05, 1913.63, 2095.03, 2104.19, 2070.26, 2093.36, 2029.07, 2094.58, 2086.33, 2118.27, 2103.19, 2101.84, 2109.35, 2114.07, 2095.10, 2120.82, 2115.38, 2114.73, 2123.70, 2099.54, 2049.81, 2029.42, 2102.88, 1908.30, 2095.11, 2106.96, 2102.31, 2107.01, 2107.53, 2103.78, 2089.75, 2108.43, 2103.43, 2103.12, 2112.13
Disk Operations: 303614, 303308, 303506, 303342, 303240, 303240, 303296, 303332, 303286, 303554, 303234, 303246, 303320, 303344, 303612, 303200, 303228, 303184, 303240, 303054, 303372, 303250, 303286, 303202, 303266, 303172, 303280, 303242, 303692, 303322, 303218, 303200, 303278, 303146, 303302, 303270, 303276, 303392, 303234, 303158, 303374, 303372, 303272, 303432, 303270, 303302, 303670, 303284, 303316, 303468, 303144, 303308, 303134, 303276, 303258, 303288, 303374, 303302, 303580, 303304, 303282, 303886, 303190, 303180, 303206, 303200, 303488, 303232, 303160, 303164, 303238, 303194, 303162, 303098, 303260, 303234, 303148, 303180, 303282, 303184, 303340, 303330, 303316, 303168, 303124, 303272, 303656, 303298, 303270, 303214, 303222, 303194, 303270, 303242, 303592, 303350, 303310, 303224, 303098, 303214
Disk Volume: 2663.18, 2665.35, 2667.32, 2664.97, 2662.41, 2662.60, 2663.96, 2663.89, 2663.31, 2667.76, 2661.96, 2662.81, 2665.02, 2665.79, 2663.55, 2661.46, 2657.22, 2662.11, 2662.37, 2657.02, 2662.35, 2664.90, 2662.05, 2660.23, 2661.49, 2660.27, 2663.56, 2662.53, 2671.59, 2666.34, 2661.17, 2662.15, 2663.01, 2658.55, 2664.57, 2662.96, 2662.64, 2668.20, 2663.17, 2657.81, 2667.45, 2666.99, 2663.17, 2668.93, 2663.27, 2665.19, 2668.67, 2662.55, 2665.04, 2662.76, 2659.93, 2660.85, 2659.38, 2662.58, 2662.94, 2662.30, 2671.01, 2665.45, 2668.63, 2665.06, 2663.00, 2667.30, 2661.11, 2660.56, 2662.48, 2661.56, 2662.48, 2660.48, 2659.70, 2659.89, 2662.39, 2659.21, 2659.78, 2658.43, 2660.60, 2662.93, 2660.87, 2658.91, 2665.46, 2659.44, 2665.12, 2663.79, 2660.97, 2661.67, 2657.61, 2663.06, 2662.39, 2662.45, 2660.94, 2660.64, 2661.28, 2660.58, 2663.48, 2662.92, 2670.03, 2660.21, 2660.37, 2661.32, 2657.24, 2660.66
Averages: Execution Time: 28.747s, RAM: 2093.32MB, Disk Ops: 303293, Disk Vol: 2662.79MB
--------------------------------------------------------------------------------
