Database: clickhouse
Query: clickhousectl local client --time --query "SELECT PULocationID, DOLocationID, CAST(tpep_pickup_datetime AS DATE) AS pickup_date, SUM(fare_amount) AS daily_route_revenue FROM taxis GROUP BY PULocationID, DOLocationID, CAST(tpep_pickup_datetime AS DATE) ORDER BY daily_route_revenue DESC LIMIT 100;"
Execution Times: 6.582, 6.524, 6.684, 5.516, 5.912, 7.037, 6.330, 8.421, 7.815, 7.399, 7.734, 7.021, 7.845, 6.906, 7.114, 7.188, 6.798, 7.170, 6.756, 6.798, 8.128, 7.088, 9.633, 7.902, 7.447, 7.376, 7.645, 7.248, 7.583, 7.285, 6.793, 6.849, 7.124, 7.754, 7.783, 6.900, 6.937, 7.265, 6.750, 6.739, 7.809, 7.781, 7.597, 7.354, 7.090, 7.007, 6.656, 6.515, 7.036, 6.920
RAM Usage: 1832.61, 1915.02, 2081.69, 1813.43, 1924.71, 1936.36, 2036.43, 1916.66, 1923.42, 1969.90, 1773.48, 1736.40, 1843.10, 1704.86, 1783.46, 1716.18, 2058.27, 1845.55, 1927.09, 1779.48, 1913.42, 1992.43, 1964.64, 2016.52, 1905.93, 1820.57, 1814.91, 2023.74, 2057.65, 1941.85, 1934.52, 1718.72, 1782.68, 1815.76, 1939.81, 1720.94, 1705.80, 1990.89, 1958.63, 1827.35, 1993.65, 1826.36, 1925.09, 1867.41, 1865.43, 1923.12, 1608.21, 1945.01, 1801.92, 1819.92
Disk Operations: 17330, 17508, 17390, 16958, 17020, 17312, 17308, 17636, 17230, 17290, 17170, 17132, 17400, 17162, 17246, 17068, 17090, 17176, 17174, 17170, 17117, 17658, 17374, 17190, 17240, 17258, 17148, 17112, 17398, 17272, 17224, 17058, 17288, 17456, 17510, 17110, 17276, 17022, 17092, 17110, 17396, 17242, 17096, 17062, 17090, 17216, 17186, 17120, 17100, 17146
Disk Volume: 2072.71, 2071.60, 2070.42, 2066.10, 2067.21, 2075.17, 2069.86, 2073.15, 2066.71, 2069.87, 2069.36, 2066.73, 2071.71, 2072.60, 2069.60, 2065.87, 2069.07, 2069.88, 2069.20, 2066.21, 2065.54, 2087.56, 2069.19, 2072.61, 2070.16, 2070.54, 2069.53, 2065.62, 2070.54, 2069.89, 2069.91, 2065.83, 2069.36, 2073.64, 2073.92, 2065.89, 2069.96, 2069.67, 2069.34, 2069.39, 2067.03, 2068.68, 2069.68, 2069.67, 2069.12, 2069.46, 2069.75, 2068.79, 2068.60, 2070.14
Averages: Execution Time: 7.191s, RAM: 1878.82MB, Disk Ops: 17227, Disk Vol: 2069.84MB
--------------------------------------------------------------------------------
Database: duckdb
Query: duckdb thesis.duckdb -c '.timer on' -c "SELECT PULocationID, DOLocationID, CAST(tpep_pickup_datetime AS DATE) AS pickup_date, SUM(fare_amount) AS daily_route_revenue FROM taxis GROUP BY PULocationID, DOLocationID, CAST(tpep_pickup_datetime AS DATE) ORDER BY daily_route_revenue DESC LIMIT 100;"
Execution Times: 6.330, 6.569, 6.448, 6.532, 6.466, 6.686, 6.132, 6.467, 6.831, 6.748, 7.043, 7.453, 7.250, 7.401, 8.079, 8.630, 8.704, 7.977, 9.330, 7.498, 9.030, 8.198, 9.485, 8.366, 8.432, 8.351, 8.626, 8.676, 9.057, 8.322, 6.613, 7.226, 7.191, 7.734, 7.639, 7.561, 7.529, 7.847, 8.688, 7.072, 7.038, 7.416, 6.789, 7.132, 6.957, 6.831, 6.455, 7.392, 6.388, 8.735
RAM Usage: 1535.49, 1515.62, 1507.44, 1517.53, 1508.35, 1505.47, 1493.90, 1542.85, 1481.19, 1518.01, 1513.85, 1495.69, 1482.74, 1502.46, 1519.68, 1479.54, 1438.63, 1493.08, 1532.96, 1517.67, 1512.40, 1541.95, 1541.29, 1495.25, 1541.41, 1517.84, 1501.52, 1544.89, 1482.01, 1496.98, 1517.57, 1540.71, 1521.66, 1503.71, 1489.21, 1509.55, 1458.94, 1548.09, 1489.94, 1517.44, 1449.46, 1514.16, 1441.44, 1549.19, 1484.14, 1542.00, 1503.59, 1504.65, 1491.92, 1540.38
Disk Operations: 10228, 10356, 10176, 10270, 10082, 10288, 10154, 10146, 10014, 10180, 10058, 10430, 10204, 10294, 10218, 10134, 9864, 10326, 10178, 10022, 10236, 10180, 10206, 10134, 9958, 10182, 10250, 10174, 10198, 10064, 10028, 10064, 10156, 10186, 10202, 10078, 10158, 10118, 10232, 10256, 10074, 10162, 10068, 10150, 9974, 10212, 10160, 10410, 10070, 10010
Disk Volume: 2217.89, 2214.89, 2214.03, 2216.60, 2209.97, 2214.70, 2213.95, 2211.00, 2210.46, 2216.74, 2208.71, 2217.26, 2217.24, 2216.91, 2213.39, 2211.90, 2209.89, 2217.75, 2217.79, 2211.92, 2218.61, 2218.67, 2215.28, 2218.03, 2210.70, 2217.01, 2216.24, 2217.00, 2215.24, 2217.81, 2216.62, 2213.36, 2215.58, 2216.03, 2217.06, 2216.05, 2215.32, 2215.17, 2217.10, 2216.45, 2211.14, 2214.56, 2215.84, 2214.43, 2212.66, 2216.93, 2215.71, 2213.66, 2213.60, 2213.92
Averages: Execution Time: 7.547s, RAM: 1507.91MB, Disk Ops: 10159, Disk Vol: 2214.98MB
--------------------------------------------------------------------------------
Database: monetdb
Query: sudo mclient -d thesis -t performance -s "SELECT PULocationID, DOLocationID, CAST(tpep_pickup_datetime AS DATE) AS pickup_date, SUM(fare_amount) AS daily_route_revenue FROM taxis GROUP BY PULocationID, DOLocationID, CAST(tpep_pickup_datetime AS DATE) ORDER BY daily_route_revenue DESC LIMIT 100;"
Execution Times: 11.051, 11.656, 11.434, 14.905, 15.772, 13.129, 14.955, 12.324, 14.602, 14.474, 11.398, 11.280, 11.655, 11.345, 11.800, 11.635, 11.666, 12.789, 14.589, 11.982, 11.183, 11.525, 14.037, 13.825, 13.917, 13.332, 14.555, 14.022, 13.910, 14.419, 15.434, 14.963, 12.782, 14.359, 14.026, 11.351, 11.320, 11.151, 11.217, 11.961, 14.460, 14.700, 15.377, 13.163, 12.209, 11.649, 15.813, 12.791, 11.365, 24.858
RAM Usage: 4845.21, 4842.41, 5019.88, 4782.39, 4141.00, 4355.22, 4736.22, 5170.73, 4891.28, 5008.45, 5027.65, 4068.78, 5091.49, 4792.07, 5051.38, 4651.89, 5060.38, 4315.97, 4749.41, 4853.83, 3972.63, 4984.91, 4654.04, 4503.87, 4381.04, 4305.31, 4505.37, 4911.01, 4259.94, 4507.55, 4559.52, 4464.75, 4886.47, 4378.42, 4529.03, 4632.36, 4701.26, 5132.69, 4780.72, 5061.12, 4502.44, 5023.19, 5018.91, 4652.76, 5204.19, 5042.17, 5031.00, 4947.36, 5124.06, 4677.73
Disk Operations: 46276, 46346, 46412, 45822, 46122, 45808, 45718, 45690, 46190, 46184, 46062, 46334, 46418, 46150, 46824, 46094, 46558, 46026, 46056, 46338, 45990, 45722, 45844, 45808, 46048, 45898, 46092, 46384, 46026, 45828, 46014, 45870, 45930, 45744, 45864, 45768, 46418, 46026, 45790, 45740, 45882, 46120, 45732, 46182, 45322, 45934, 46134, 46272, 45998, 52500
Disk Volume: 5168.03, 5170.15, 5172.22, 5156.52, 5167.53, 5161.75, 5162.07, 5154.03, 5164.59, 5167.07, 5167.58, 5172.57, 5170.69, 5168.15, 5181.01, 5165.03, 5177.15, 5162.86, 5164.16, 5174.15, 5166.75, 5161.61, 5164.13, 5161.61, 5164.84, 5162.25, 5169.03, 5173.14, 5164.00, 5161.68, 5164.77, 5162.37, 5156.23, 5159.25, 5162.03, 5161.59, 5172.35, 5166.13, 5164.00, 5154.64, 5164.21, 5166.53, 5161.97, 5167.63, 5164.17, 5164.72, 5165.32, 5169.90, 5155.11, 5460.61
Averages: Execution Time: 13.282s, RAM: 4735.83MB, Disk Ops: 46166, Disk Vol: 5171.20MB
--------------------------------------------------------------------------------
Database: mariadb
Query: mariadb -u root --password=qwerty -vvv -D thesis -e "SELECT PULocationID, DOLocationID, CAST(tpep_pickup_datetime AS DATE) AS pickup_date, SUM(fare_amount) AS daily_route_revenue FROM taxis GROUP BY PULocationID, DOLocationID, CAST(tpep_pickup_datetime AS DATE) ORDER BY daily_route_revenue DESC LIMIT 100;"
Execution Times: 34.445, 45.490, 50.451, 46.858, 46.992, 45.872, 45.857, 46.426, 55.154, 47.127, 47.521, 48.339, 49.254, 48.457, 47.256, 46.518, 47.411, 41.959, 47.210, 48.115, 46.476, 43.778, 47.874, 47.094, 45.512, 47.207, 48.273, 49.576, 48.873, 46.247, 42.841, 49.453, 50.589, 51.220, 53.552, 49.644, 49.124, 49.744, 53.395, 43.593, 44.223, 46.805, 45.000, 45.103, 42.914, 45.362, 43.132, 46.268, 46.567, 40.281
RAM Usage: 5849.92, 5857.94, 5867.77, 5858.33, 5864.07, 5842.91, 5877.27, 5854.59, 5841.33, 5847.81, 5848.85, 5870.44, 5841.73, 5857.81, 5858.08, 5845.37, 5851.04, 5834.82, 5863.48, 5859.81, 5864.78, 5837.37, 5851.71, 5861.61, 5876.36, 5852.63, 5870.07, 5855.09, 5856.74, 5841.12, 5862.11, 5848.85, 5855.46, 5846.71, 5840.42, 5852.27, 5862.75, 5882.21, 5852.89, 5872.95, 5844.28, 5844.74, 5849.93, 5869.41, 5848.62, 5857.50, 5859.76, 5862.79, 5847.68, 5864.57
Disk Operations: 6440, 6684, 9450, 6384, 8370, 6016, 7406, 5860, 9230, 9200, 6644, 7938, 9480, 7508, 6022, 6878, 7978, 5970, 6634, 9340, 7386, 5968, 5802, 9290, 5414, 7794, 9422, 9322, 6692, 6898, 5676, 9288, 6998, 7500, 6994, 7960, 9248, 5796, 9254, 6142, 8090, 9490, 9230, 5816, 8018, 7064, 5310, 7666, 9310, 7154
Disk Volume: 2107.44, 2120.67, 2168.92, 2140.21, 2150.83, 2117.44, 2136.61, 2132.25, 2156.57, 2154.34, 2118.64, 2143.17, 2186.95, 2123.11, 2135.78, 2122.52, 2149.92, 2119.25, 2120.42, 2178.04, 2117.42, 2123.82, 2135.41, 2191.93, 2134.97, 2150.13, 2163.33, 2170.21, 2141.95, 2143.65, 2133.00, 2174.83, 2123.72, 2127.75, 2120.69, 2127.08, 2154.57, 2125.35, 2165.98, 2141.37, 2143.53, 2168.64, 2159.89, 2128.42, 2162.82, 2131.06, 2141.42, 2152.06, 2177.30, 2129.49
Averages: Execution Time: 46.929s, RAM: 5855.73MB, Disk Ops: 7508, Disk Vol: 2142.90MB
--------------------------------------------------------------------------------
Database: timescaledb
Query: psql -d thesis -c '\timing' -c "SELECT PULocationID, DOLocationID, CAST(tpep_pickup_datetime AS DATE) AS pickup_date, SUM(fare_amount) AS daily_route_revenue FROM taxis GROUP BY PULocationID, DOLocationID, CAST(tpep_pickup_datetime AS DATE) ORDER BY daily_route_revenue DESC LIMIT 100;"
Execution Times: 133.277, 125.698, 95.038, 125.678, 98.027, 98.286, 102.452, 97.841, 109.470, 108.706, 101.441, 99.561, 116.509, 119.650, 103.923, 109.060, 109.101, 113.190, 103.743, 108.242, 108.414, 104.590, 97.148, 96.959, 109.535, 112.919, 110.177, 106.826, 113.047, 109.487, 118.531, 102.879, 115.977, 111.978, 104.797, 112.723, 124.819, 119.917, 119.812, 114.588, 122.867, 112.288, 119.442, 122.091, 137.663, 131.578, 133.494, 137.420, 128.022, 116.837
RAM Usage: 3847.51, 3848.86, 3833.49, 3844.49, 3837.30, 3833.93, 3835.26, 3841.36, 3844.44, 3839.94, 3838.75, 3836.04, 3846.06, 3849.39, 3842.06, 3840.51, 3840.17, 3846.05, 3840.19, 3840.91, 3844.25, 3841.46, 3837.79, 3840.37, 3841.07, 3842.15, 3840.12, 3837.70, 3839.36, 3839.35, 3841.99, 3840.74, 3846.12, 3840.83, 3840.12, 3845.96, 3844.43, 3849.13, 3846.45, 3842.62, 3845.16, 3842.45, 3848.76, 3846.47, 3846.95, 3843.73, 3846.81, 3846.78, 3849.50, 3848.18
Disk Operations: 199752, 199066, 199522, 201230, 199794, 199328, 199530, 200856, 199168, 199670, 201300, 197598, 200262, 201288, 198830, 199364, 200788, 199246, 198576, 200596, 200716, 197960, 198308, 199236, 200522, 200504, 200188, 199696, 199760, 200062, 200192, 199772, 198962, 200730, 198424, 199464, 200142, 199752, 200168, 199220, 198496, 201404, 198070, 199506, 200122, 200640, 200268, 199986, 199572, 200782
Disk Volume: 6201.70, 6197.51, 6200.60, 6203.62, 6201.42, 6196.30, 6197.65, 6204.49, 6197.76, 6200.64, 6203.67, 6192.89, 6205.97, 6205.41, 6194.01, 6198.90, 6204.21, 6194.88, 6196.00, 6205.28, 6203.83, 6193.75, 6196.40, 6197.89, 6204.45, 6204.33, 6202.57, 6201.00, 6200.60, 6198.97, 6202.72, 6207.81, 6195.28, 6201.18, 6195.94, 6199.07, 6202.71, 6200.36, 6201.91, 6195.57, 6195.69, 6206.74, 6190.79, 6199.78, 6202.03, 6204.11, 6202.81, 6198.68, 6196.57, 6201.08
Averages: Execution Time: 113.114s, RAM: 3842.67MB, Disk Ops: 199768, Disk Vol: 6200.15MB
--------------------------------------------------------------------------------
