Database: clickhouse
Query: clickhousectl local client --time --query "SELECT payment_type, passenger_count, COUNT(*) AS trip_count FROM taxis GROUP BY payment_type, passenger_count ORDER BY trip_count DESC;"
Execution Times: 1.874, 2.856, 2.205, 2.154, 2.099, 1.741, 2.263, 2.001, 2.275, 2.200, 2.560, 1.626, 1.689, 1.672, 2.069, 1.791, 2.674, 1.804, 1.996, 2.289, 1.782, 1.871, 2.030, 1.768, 1.900, 1.733, 2.445, 2.006, 2.152, 2.296, 2.305, 1.902, 2.616, 1.652, 1.809, 1.554, 2.021, 1.587, 1.878, 1.499, 1.531, 1.715, 1.993, 1.831, 1.883, 1.764, 2.193, 2.077, 2.259, 1.856, 1.850, 1.871, 1.804, 1.934, 1.690, 1.678, 2.084, 2.200, 2.016, 1.809, 1.639, 2.050, 1.880, 1.600, 2.299, 2.079, 2.259, 2.189, 1.734, 1.936, 2.165, 2.116, 1.857, 1.780, 1.807, 1.815, 1.775, 1.717, 1.916, 1.926, 1.859, 2.181, 2.065, 2.357, 2.286, 2.044, 1.917, 1.717, 1.615, 2.540, 1.610, 1.868, 1.816, 1.611, 1.802, 2.035, 2.259, 1.829, 1.554, 1.922
RAM Usage: 879.83, 869.24, 884.32, 877.33, 880.08, 871.19, 879.63, 870.80, 875.31, 874.41, 889.21, 867.37, 869.28, 872.86, 871.75, 865.07, 868.73, 877.15, 868.98, 875.35, 874.44, 874.48, 870.80, 878.24, 872.83, 886.80, 878.39, 870.60, 873.01, 878.53, 871.11, 866.30, 880.34, 881.07, 872.11, 869.17, 871.62, 877.51, 869.62, 880.88, 873.36, 868.71, 872.64, 867.29, 888.06, 884.37, 872.02, 869.03, 876.54, 877.50, 863.64, 870.21, 875.82, 877.52, 869.94, 880.94, 874.74, 889.50, 866.75, 865.08, 869.46, 871.08, 879.17, 867.65, 872.44, 872.96, 868.99, 870.45, 871.82, 873.59, 880.89, 887.64, 872.40, 867.45, 884.85, 870.81, 712.71, 867.82, 867.59, 866.68, 872.49, 873.21, 876.14, 870.66, 875.30, 874.08, 873.64, 887.89, 867.59, 862.28, 865.50, 881.06, 868.02, 873.58, 871.78, 868.61, 867.18, 865.14, 883.44, 873.44
Disk Operations: 5164, 4874, 4998, 4636, 4740, 4788, 4810, 4738, 4788, 4648, 4650, 4724, 4836, 4790, 4846, 4820, 4900, 4830, 4872, 4772, 4772, 4796, 4832, 4848, 4726, 4880, 4810, 4668, 4638, 4820, 4750, 4748, 4840, 4812, 4816, 4802, 4960, 4756, 4796, 4722, 4720, 4776, 4810, 4714, 4762, 4782, 4692, 4644, 4664, 4736, 4830, 4850, 4790, 4858, 4824, 4706, 4850, 4760, 4724, 4728, 4708, 4786, 4770, 4804, 4902, 4658, 4764, 4874, 4770, 4880, 4734, 4902, 4666, 4772, 4756, 4782, 4820, 4708, 4842, 4764, 4770, 4734, 4630, 4838, 4694, 4730, 4790, 4542, 4882, 4880, 4724, 4772, 4766, 4730, 4810, 4780, 4864, 4786, 4714, 4720
Disk Volume: 546.37, 540.20, 541.08, 539.24, 545.56, 540.28, 540.28, 540.46, 543.81, 545.95, 539.48, 542.15, 543.98, 542.50, 542.54, 542.92, 540.14, 542.78, 543.25, 539.71, 540.66, 542.42, 542.54, 540.39, 539.44, 544.25, 540.78, 540.12, 539.32, 544.00, 543.73, 542.14, 542.70, 543.97, 542.83, 542.50, 546.47, 539.70, 540.15, 539.65, 539.83, 540.35, 540.56, 540.31, 539.86, 542.80, 543.91, 539.53, 539.47, 539.83, 543.77, 540.21, 539.73, 542.60, 542.64, 539.94, 543.61, 540.22, 541.96, 539.79, 539.49, 540.14, 539.57, 543.72, 540.82, 542.26, 539.62, 544.04, 542.82, 542.14, 540.00, 544.22, 542.07, 544.21, 540.38, 542.38, 546.47, 539.56, 542.51, 540.25, 540.40, 539.95, 541.75, 543.97, 539.71, 542.04, 543.08, 540.16, 542.95, 543.35, 540.10, 542.76, 543.19, 539.98, 542.62, 543.21, 540.03, 540.51, 539.55, 539.79
Averages: Execution Time: 1.961s, RAM: 872.17MB, Disk Ops: 4781, Disk Vol: 541.67MB
--------------------------------------------------------------------------------
Database: duckdb
Query: duckdb thesis.duckdb -c '.timer on' -c "SELECT payment_type, passenger_count, COUNT(*) AS trip_count FROM taxis GROUP BY payment_type, passenger_count ORDER BY trip_count DESC;"
Execution Times: 1.397, 1.414, 1.462, 1.332, 1.320, 1.318, 1.348, 1.532, 1.240, 1.180, 1.269, 1.177, 1.632, 1.524, 1.459, 1.526, 1.407, 1.413, 1.590, 1.487, 1.412, 1.442, 1.510, 1.682, 1.710, 1.363, 1.401, 1.421, 1.355, 1.334, 1.373, 1.347, 1.417, 1.425, 1.375, 1.477, 1.429, 1.416, 1.528, 1.293, 1.463, 1.090, 1.389, 1.283, 1.467, 1.493, 1.314, 1.384, 1.357, 1.091, 1.155, 1.173, 1.446, 1.101, 1.232, 1.310, 1.165, 1.199, 1.259, 1.498, 1.226, 1.259, 1.206, 1.519, 1.338, 1.337, 1.398, 1.311, 1.470, 1.380, 1.327, 1.428, 1.192, 1.198, 1.063, 0.957, 0.976, 1.051, 1.102, 1.022, 1.006, 1.151, 0.975, 1.086, 1.079, 1.267, 1.194, 1.080, 1.013, 1.277, 1.451, 1.155, 1.290, 1.496, 1.476, 1.797, 1.381, 1.619, 1.629, 1.501
RAM Usage: 172.96, 200.08, 195.50, 189.86, 195.76, 167.27, 197.13, 198.65, 194.21, 185.96, 199.76, 198.03, 198.32, 194.44, 193.55, 194.32, 196.76, 196.83, 186.94, 190.81, 186.21, 187.49, 178.02, 199.66, 200.80, 179.41, 200.53, 200.69, 184.57, 183.67, 184.46, 189.35, 188.43, 195.90, 194.97, 199.70, 187.46, 196.93, 193.16, 197.63, 195.73, 180.95, 194.08, 197.77, 184.43, 200.22, 197.25, 193.64, 195.71, 183.32, 196.04, 191.62, 192.13, 200.14, 190.60, 198.78, 185.25, 193.97, 182.68, 196.78, 171.27, 200.17, 177.34, 190.34, 185.96, 196.04, 188.80, 190.84, 188.56, 179.28, 180.83, 200.77, 193.98, 176.75, 200.84, 200.33, 191.77, 196.23, 200.79, 183.97, 196.77, 198.49, 172.14, 184.08, 199.43, 178.31, 198.62, 194.73, 191.10, 177.12, 182.64, 188.54, 181.87, 196.26, 186.06, 195.42, 191.61, 197.53, 200.14, 197.02
Disk Operations: 2074, 2090, 2102, 2164, 2196, 2016, 2104, 2062, 2158, 2116, 2106, 2218, 2004, 2014, 2056, 2110, 2152, 2048, 2110, 2100, 2148, 2018, 2152, 2144, 2189, 2052, 2156, 2074, 2130, 2060, 2042, 2058, 2254, 2016, 2228, 2012, 2092, 2030, 2234, 2158, 2050, 2054, 2064, 2072, 2212, 2066, 2114, 2139, 2166, 2044, 2080, 2252, 2072, 2072, 2066, 2082, 2110, 2232, 2016, 2142, 2066, 2152, 2142, 2096, 2176, 2128, 2010, 2128, 2058, 2080, 2204, 2170, 2076, 2142, 2070, 1992, 2046, 2244, 2044, 2124, 2054, 2116, 2130, 2048, 2086, 2238, 2108, 2124, 2070, 2150, 2080, 2044, 2232, 2100, 2012, 2124, 2084, 2080, 2220, 2160
Disk Volume: 382.71, 380.84, 383.94, 381.14, 382.86, 380.39, 383.04, 381.53, 384.85, 383.29, 379.71, 383.35, 379.59, 379.17, 380.75, 381.91, 380.83, 382.37, 383.06, 380.96, 385.60, 381.17, 384.07, 380.48, 382.35, 379.55, 385.16, 381.78, 382.97, 381.47, 379.48, 379.59, 387.29, 380.40, 383.82, 380.38, 381.13, 379.49, 386.25, 381.16, 381.60, 380.96, 379.89, 381.29, 386.85, 381.08, 383.64, 381.30, 383.55, 379.74, 379.99, 386.46, 380.56, 379.57, 380.77, 380.70, 381.25, 386.40, 380.39, 383.07, 381.07, 384.17, 380.65, 380.66, 384.43, 383.17, 380.82, 382.16, 381.03, 380.82, 387.08, 383.60, 380.35, 382.98, 380.54, 380.03, 379.97, 386.91, 379.77, 383.01, 380.52, 382.66, 380.38, 380.06, 381.60, 386.27, 381.20, 382.75, 379.55, 383.00, 381.35, 380.48, 387.70, 380.33, 379.81, 383.10, 380.10, 381.79, 384.72, 384.38
Averages: Execution Time: 1.333s, RAM: 191.30MB, Disk Ops: 2108, Disk Vol: 382.04MB
--------------------------------------------------------------------------------
Database: monetdb
Query: sudo mclient -d thesis -t performance -s "SELECT payment_type, passenger_count, COUNT(*) AS trip_count FROM taxis GROUP BY payment_type, passenger_count ORDER BY trip_count DESC;"
Execution Times: 4.980, 0.622, 0.490, 0.461, 0.565, 3.729, 0.553, 0.462, 0.480, 0.358, 0.462, 0.458, 0.393, 0.485, 0.453, 0.412, 0.363, 0.796, 0.370, 0.362, 0.448, 0.516, 0.399, 0.338, 0.362, 0.422, 0.483, 0.397, 0.368, 0.397, 0.422, 0.423, 0.537, 0.436, 0.392, 0.476, 0.363, 0.419, 0.420, 0.454, 0.455, 0.352, 0.475, 0.376, 0.375, 0.467, 0.428, 0.451, 0.412, 0.394, 0.487, 0.400, 0.461, 0.378, 0.446, 0.452, 0.475, 0.406, 0.582, 0.398, 0.478, 2.007, 0.416, 0.437, 0.421, 0.565, 0.425, 0.401, 0.390, 0.498, 0.410, 3.264, 0.347, 0.424, 0.375, 0.327, 0.500, 0.453, 0.465, 0.495, 3.369, 0.354, 0.463, 0.393, 0.437, 0.444, 0.403, 0.345, 0.424, 2.476, 0.540, 0.440, 0.495, 0.384, 0.339, 0.341, 0.477, 0.351, 0.366, 0.362
RAM Usage: 2442.50, 2549.89, 2223.26, 2208.54, 2619.88, 2318.61, 2293.81, 2205.35, 2135.84, 2260.58, 2336.21, 2182.25, 2301.09, 2113.72, 2224.95, 2215.17, 2437.05, 2636.82, 2462.45, 2394.05, 2237.29, 2104.70, 2412.00, 2402.33, 2431.46, 2222.60, 2194.37, 2425.61, 2282.22, 2583.33, 2416.32, 2352.77, 2431.45, 2404.55, 2453.87, 2415.40, 2190.49, 2461.59, 2462.88, 2544.56, 2322.87, 2186.63, 2402.62, 2284.71, 2326.49, 2304.82, 2085.30, 2308.63, 2281.39, 2181.75, 2560.44, 2495.26, 2414.97, 2513.98, 2414.09, 2331.69, 2287.96, 2223.33, 2708.33, 2004.35, 2275.40, 2665.50, 2262.03, 2267.69, 2450.74, 2566.19, 2248.85, 2417.36, 2113.29, 2504.79, 2366.25, 2454.74, 2185.33, 2273.23, 2333.31, 2265.87, 2506.85, 2343.10, 2195.64, 2642.90, 2634.98, 2425.26, 2352.49, 2248.74, 2475.56, 2247.95, 2207.20, 2342.78, 2405.85, 2713.33, 2323.45, 2378.30, 2171.54, 2387.38, 2416.66, 2473.85, 2380.55, 2370.83, 2423.07, 2318.42
Disk Operations: 14346, 592, 428, 488, 642, 14174, 632, 632, 534, 568, 552, 576, 550, 596, 544, 522, 512, 596, 490, 506, 576, 544, 544, 514, 558, 494, 608, 502, 520, 496, 562, 582, 560, 538, 518, 424, 478, 528, 576, 582, 616, 490, 620, 512, 478, 564, 522, 560, 508, 486, 624, 564, 502, 602, 552, 598, 558, 536, 580, 480, 624, 7286, 534, 532, 526, 726, 544, 554, 520, 632, 550, 14144, 472, 504, 526, 560, 608, 586, 532, 692, 14138, 558, 562, 522, 660, 546, 490, 576, 536, 7282, 634, 448, 548, 592, 544, 502, 636, 514, 524, 630
Disk Volume: 1724.31, 8.82, 9.45, 9.42, 10.48, 1723.62, 10.41, 10.21, 9.94, 10.00, 12.01, 10.32, 10.17, 9.87, 11.21, 10.04, 9.69, 10.06, 9.45, 9.28, 9.73, 9.85, 11.22, 9.55, 10.11, 9.73, 10.05, 9.74, 9.53, 9.46, 9.79, 9.07, 9.67, 9.80, 11.15, 9.19, 9.39, 10.96, 10.17, 10.00, 10.12, 9.68, 11.24, 9.50, 9.39, 10.03, 8.88, 9.81, 9.50, 11.07, 9.93, 9.69, 10.13, 9.89, 11.28, 12.96, 9.67, 10.05, 9.75, 9.41, 10.25, 866.14, 9.60, 9.61, 9.36, 13.84, 9.83, 11.70, 9.54, 10.35, 11.11, 1722.25, 10.72, 9.65, 9.54, 10.16, 9.17, 9.99, 9.78, 11.93, 1721.95, 9.49, 13.15, 9.69, 11.64, 9.62, 9.85, 9.99, 8.68, 866.10, 11.29, 9.30, 9.41, 10.33, 11.47, 9.73, 10.51, 9.82, 9.79, 10.43
Averages: Execution Time: 0.607s, RAM: 2356.69MB, Disk Ops: 1232, Disk Vol: 95.76MB
--------------------------------------------------------------------------------
Database: mariadb
Query: mariadb -u root --password=qwerty -vvv -D thesis -e "SELECT payment_type, passenger_count, COUNT(*) AS trip_count FROM taxis GROUP BY payment_type, passenger_count ORDER BY trip_count DESC;"
Execution Times: 7.744, 5.845, 6.324, 5.942, 5.833, 5.757, 5.681, 6.219, 6.133, 6.106, 5.927, 6.321, 6.071, 6.057, 6.410, 5.637, 6.067, 6.405, 6.138, 6.238, 7.036, 6.522, 6.458, 5.977, 6.178, 6.643, 6.068, 6.638, 6.194, 6.331, 6.035, 6.626, 6.025, 6.713, 5.867, 6.118, 6.044, 6.142, 6.363, 6.434, 6.112, 6.693, 6.049, 6.411, 6.418, 6.389, 6.582, 6.249, 6.599, 6.094, 5.635, 6.019, 6.633, 6.305, 7.063, 6.117, 6.300, 6.442, 6.740, 6.687, 6.575, 6.235, 5.855, 6.013, 6.608, 5.872, 6.666, 6.433, 5.787, 6.263, 6.515, 5.432, 6.285, 5.810, 5.722, 5.911, 6.166, 6.125, 6.199, 6.153, 5.820, 6.561, 6.000, 6.741, 5.784, 6.096, 5.919, 6.237, 6.589, 6.264, 5.811, 6.220, 6.097, 6.075, 5.994, 5.999, 5.957, 6.179, 6.091, 6.441
RAM Usage: 4256.96, 4301.59, 4300.59, 4313.87, 4257.72, 4341.51, 4306.38, 4320.25, 4308.33, 4316.38, 4332.35, 4307.37, 4316.48, 4294.89, 4301.20, 4286.05, 4304.35, 4309.17, 4328.11, 4324.42, 4271.30, 4329.22, 4324.01, 4319.65, 4289.73, 4298.43, 4323.68, 4310.11, 4314.49, 4306.16, 4319.68, 4322.99, 4339.78, 4307.23, 4297.28, 4306.48, 4295.26, 4306.23, 4221.42, 4302.23, 4300.08, 4290.93, 4259.61, 4296.03, 4304.57, 4260.15, 4302.50, 4303.33, 4321.89, 4272.53, 4305.55, 4285.85, 4301.48, 4317.28, 4296.47, 4311.66, 4277.59, 4314.13, 4291.69, 4286.16, 4274.31, 4321.89, 4308.49, 4300.66, 4319.61, 4325.63, 4305.30, 4323.71, 4318.47, 4305.73, 4299.90, 4251.10, 4312.07, 4307.01, 4305.32, 4308.08, 4331.94, 4308.29, 4280.75, 4299.46, 4324.61, 4310.97, 4287.02, 4302.23, 4323.22, 4324.02, 4336.13, 4291.71, 4285.18, 4329.14, 4274.96, 4303.46, 4339.50, 4305.92, 4302.82, 4286.31, 4314.51, 4302.11, 4276.88, 4288.92
Disk Operations: 5576, 4506, 4448, 4656, 4312, 4616, 4506, 4378, 4632, 4280, 4126, 4526, 4720, 4560, 4176, 4268, 4422, 4358, 4324, 4498, 4550, 4300, 4262, 4256, 4370, 4848, 4444, 4828, 4324, 4372, 4482, 4516, 4616, 4472, 4598, 4664, 4700, 4552, 4772, 4482, 4498, 4622, 4418, 4518, 4784, 4466, 4594, 4348, 4642, 4274, 4634, 4664, 4560, 4726, 5126, 4428, 4906, 4422, 4358, 4688, 4832, 4376, 4290, 4418, 4512, 4288, 4426, 4502, 4534, 4482, 4738, 4380, 4636, 4446, 4376, 4696, 4260, 4374, 4426, 4468, 4382, 4890, 4544, 4554, 4140, 4278, 4288, 4194, 4262, 4486, 4574, 4492, 4464, 4630, 4432, 4292, 4298, 4510, 4580, 4760
Disk Volume: 721.76, 684.20, 698.85, 693.49, 697.03, 698.64, 683.56, 685.88, 696.14, 678.21, 682.16, 693.58, 692.81, 692.22, 682.18, 677.67, 685.82, 691.97, 688.52, 683.75, 694.38, 684.64, 679.84, 680.62, 690.21, 694.10, 682.42, 689.66, 695.14, 685.16, 692.00, 692.37, 691.19, 684.43, 688.43, 694.71, 688.59, 688.04, 702.59, 700.26, 690.14, 693.07, 683.61, 690.81, 696.64, 694.85, 686.32, 693.70, 687.58, 686.39, 686.58, 686.09, 690.49, 690.99, 730.33, 687.92, 695.40, 695.33, 694.17, 703.58, 696.96, 687.89, 677.95, 691.62, 694.36, 685.25, 696.12, 688.41, 687.07, 689.47, 699.39, 698.79, 691.86, 687.89, 685.95, 686.89, 696.69, 693.08, 694.32, 698.10, 693.80, 694.20, 687.13, 703.09, 679.96, 695.02, 691.64, 696.00, 686.76, 704.32, 694.99, 692.26, 689.35, 692.34, 684.48, 688.49, 682.08, 697.15, 691.03, 702.71
Averages: Execution Time: 6.223s, RAM: 4303.50MB, Disk Ops: 4505, Disk Vol: 691.46MB
--------------------------------------------------------------------------------
Database: timescaledb
Query: psql -d thesis -c '\timing' -c "SELECT payment_type, passenger_count, COUNT(*) AS trip_count FROM taxis GROUP BY payment_type, passenger_count ORDER BY trip_count DESC;"
Execution Times: 20.670, 21.087, 21.249, 21.427, 20.765, 20.330, 22.276, 25.356, 20.576, 21.101, 20.602, 20.601, 21.645, 25.330, 24.757, 25.256, 21.366, 21.437, 20.390, 20.503, 22.424, 27.407, 20.078, 19.569, 20.557, 24.708, 26.137, 21.470, 21.001, 20.728, 22.041, 25.124, 26.278, 25.901, 25.524, 25.433, 20.998, 21.408, 20.692, 20.926, 21.195, 22.865, 22.547, 28.560, 31.133, 21.536, 22.567, 231.559, 4473.380, 26.023, 27.703, 24.429, 18.455, 18.758, 18.725, 24.471, 23.726, 22.023, 19.999, 22.256, 22.032, 26.718, 24.394, 20.403, 20.510, 19.997, 26.071, 24.331, 25.940, 24.429, 25.606, 25.180, 25.420, 25.213, 21.333, 19.498, 19.906, 19.824, 19.244, 20.509, 20.222, 19.307, 20.518, 19.578, 19.564, 20.562, 23.391, 26.157, 24.946, 25.302, 24.970, 25.165, 25.510, 24.879, 22.107, 20.008, 19.889, 21.028, 22.613, 25.507
RAM Usage: 1759.62, 1799.21, 1682.84, 1827.70, 1827.05, 1762.17, 1791.78, 1829.85, 1769.95, 1832.37, 1703.57, 1824.25, 1821.78, 1794.07, 1828.78, 1828.96, 1837.78, 1832.75, 1716.52, 1733.04, 1830.50, 1790.34, 1823.39, 1792.30, 1834.64, 1839.66, 1840.26, 1808.25, 1821.64, 1828.67, 1801.50, 1832.99, 1821.21, 1822.54, 1829.96, 1817.71, 1726.70, 1834.71, 1830.43, 1826.06, 1767.66, 1826.81, 1829.36, 1831.85, 1761.52, 1685.68, 1820.85, 1860.37, 1821.33, 1812.67, 1818.45, 1756.80, 1762.87, 1832.23, 1824.35, 1835.46, 1833.28, 1826.81, 1788.95, 1799.57, 1825.93, 1825.41, 1835.59, 1787.85, 1825.43, 1822.69, 1836.66, 1821.40, 1835.62, 1832.23, 1831.93, 1796.00, 1810.17, 1784.94, 1739.61, 1796.31, 1801.26, 1815.99, 1755.44, 1835.75, 1832.94, 1786.99, 1835.43, 1749.31, 1728.35, 1799.23, 1808.53, 1817.10, 1812.25, 1748.33, 1811.68, 1836.22, 1808.70, 1801.98, 1829.59, 1806.80, 1829.53, 1791.29, 1830.31, 1828.32
Disk Operations: 235192, 234960, 235106, 234936, 235058, 235078, 234948, 234978, 234970, 235016, 235314, 235078, 234930, 235020, 235062, 235020, 235072, 234982, 234972, 235066, 235052, 234930, 235230, 234914, 234996, 234950, 235086, 235028, 234994, 235072, 234968, 235036, 234984, 235006, 234936, 235122, 234980, 235094, 234938, 235160, 235062, 234990, 234922, 235036, 234940, 234952, 234996, 235288, 235240, 235002, 235066, 234920, 235006, 235018, 234914, 234856, 234910, 235086, 235276, 235156, 235044, 235024, 234972, 234890, 235032, 235006, 235020, 234868, 234996, 234978, 235096, 234922, 234948, 234858, 235034, 235016, 235020, 234956, 234860, 234996, 235032, 235025, 234944, 234904, 234942, 235004, 234916, 234974, 234970, 235046, 234962, 234944, 234870, 234986, 235046, 235128, 234978, 234984, 234944, 234828
Disk Volume: 2297.78, 2292.26, 2295.23, 2292.38, 2292.53, 2296.17, 2292.17, 2293.99, 2295.85, 2297.54, 2297.27, 2292.85, 2291.11, 2298.58, 2299.14, 2297.28, 2299.26, 2294.14, 2295.42, 2293.16, 2295.97, 2290.78, 2294.21, 2293.68, 2295.07, 2293.92, 2299.46, 2295.02, 2296.53, 2297.17, 2293.81, 2293.46, 2293.55, 2295.42, 2291.18, 2298.53, 2294.77, 2293.48, 2294.61, 2296.24, 2294.96, 2294.10, 2291.99, 2294.39, 2293.07, 2294.03, 2294.63, 2301.81, 2299.03, 2295.03, 2295.70, 2291.12, 2295.35, 2294.74, 2292.17, 2291.14, 2292.57, 2295.31, 2293.40, 2294.08, 2294.31, 2294.31, 2295.82, 2290.57, 2296.54, 2293.58, 2296.86, 2291.64, 2295.15, 2295.01, 2296.03, 2295.32, 2293.71, 2290.31, 2291.98, 2295.89, 2293.71, 2294.78, 2290.16, 2295.48, 2295.47, 2295.77, 2292.14, 2293.31, 2292.46, 2295.32, 2291.63, 2294.59, 2295.28, 2295.54, 2294.50, 2295.48, 2293.32, 2292.84, 2296.06, 2298.50, 2292.58, 2294.21, 2291.08, 2289.12
Averages: Execution Time: 69.248s, RAM: 1805.63MB, Disk Ops: 235008, Disk Vol: 2294.50MB
--------------------------------------------------------------------------------
